id field z uv vj q1 q2 q3 q4 q5 q6 q7 q8 q9 q10 q11 q12 q13
531.0 AEGIS 2.0988 1.6388267317535041 1.983331244559977 5.0 5.0 5.0 5.0 5.0 5.0 5.0 5.0 0.0 0.0 0.07692307692307693 0.11494252873563218 0.09569377990430622
766.0 AEGIS 1.9801 1.6143610049533081 1.7700123453497651 1.0 1.0 0.6666666666666666 0.6666666666666666 0.6666666666666666 0.5 0.4 0.3333333333333333 0.125 0.11538461538461539 0.14545454545454545 0.12096774193548387 0.14655172413793102
1420.0 AEGIS 1.873 1.7573768411620414 1.653644882538054 5.0 5.0 5.0 5.0 5.0 5.0 5.0 5.0 0.0 0.08333333333333333 0.09375 0.1388888888888889 0.17010309278350516
1606.0 AEGIS 2.4534 1.0086001268942186 1.1200990457207325 5.0 5.0 5.0 5.0 5.0 5.0 1.0 0.5 0.09090909090909091 0.045454545454545456 0.0196078431372549 0.07352941176470588 0.07518796992481203
2016.0 AEGIS 1.9839 1.7702863220431553 1.2081094271421082 5.0 5.0 0.0 0.0 0.0 0.0 0.0 0.0 0.2 0.3333333333333333 0.1568627450980392 0.171875 0.1346153846153846
2250.0 AEGIS 1.1862 1.4656531754395714 1.2987235711028422 5.0 5.0 5.0 5.0 5.0 5.0 0.0 0.0 0.0 0.11764705882352941 0.15384615384615385 0.17886178861788618 0.2621359223300971
2289.0 AEGIS 1.6564 1.5100364142479736 1.3274307315413 5.0 5.0 5.0 5.0 5.0 0.0 0.2 0.16666666666666666 0.07142857142857142 0.16129032258064516 0.20689655172413793 0.19718309859154928 0.20774647887323944
2427.0 AEGIS 1.6654 1.5471331471119392 1.2064581420149934 1.0 1.0 1.0 1.0 1.0 0.5 0.2 0.3333333333333333 0.2 0.125 0.10416666666666667 0.13953488372093023 0.18248175182481752
2481.0 AEGIS 1.3613 1.8148822808088751 1.227517792208306 5.0 5.0 5.0 5.0 0.0 0.0 0.0 0.0 0.0 0.16666666666666666 0.2653061224489796 0.25892857142857145 0.22844827586206898
2918.0 AEGIS 2.0708 1.6208177297113988 1.3071521335511915 5.0 5.0 5.0 5.0 0.0 0.0 0.0 0.0 0.0 0.14814814814814814 0.14754098360655737 0.13636363636363635 0.12280701754385964
2957.0 AEGIS 2.4753 1.6064945912918682 1.293457702587542 5.0 5.0 5.0 5.0 5.0 5.0 5.0 5.0 0.0 0.07142857142857142 0.08823529411764706 0.08536585365853659 0.08968609865470852
3106.0 AEGIS 1.6345 1.9147832960031999 1.1462154973835461 1.0 1.0 1.0 1.0 1.0 1.0 1.0 0.6666666666666666 0.3333333333333333 0.3181818181818182 0.2054794520547945 0.2565789473684211 0.2027491408934708
3311.0 AEGIS 1.8535 1.8471036746425433 1.2370736520341905 5.0 5.0 5.0 5.0 5.0 0.0 0.0 0.0 0.2 0.19047619047619047 0.1956521739130435 0.17894736842105263 0.14349775784753363
3654.0 AEGIS 0.6399 1.7811857311140047 1.4227691890904044 5.0 1.0 1.0 0.3333333333333333 0.5 0.5 0.42857142857142855 0.4 0.4166666666666667 0.391304347826087 0.32786885245901637 0.2826086956521739 0.3020408163265306
5016.0 AEGIS 1.9978 1.6262512287676179 1.5845804184696242 5.0 5.0 5.0 5.0 5.0 5.0 5.0 0.0 0.0 0.06666666666666667 0.16901408450704225 0.14814814814814814 0.13247863247863248
5465.0 AEGIS 0.5483 1.9976490633739654 1.4516374409772406 1.0 1.0 0.5 0.3333333333333333 0.4 0.4 0.4 0.4166666666666667 0.29411764705882354 0.2857142857142857 0.26153846153846155 0.30275229357798167 0.25735294117647056
6115.0 AEGIS 1.372 2.1461615877877662 1.464749449008122 5.0 5.0 0.5 0.5 0.3333333333333333 0.4 0.3333333333333333 0.2857142857142857 0.3076923076923077 0.3548387096774194 0.29411764705882354 0.2537313432835821 0.22268907563025211
6234.0 AEGIS 1.1098 1.8561509855319929 1.243102020665153 5.0 5.0 1.0 1.0 1.0 0.6 0.6 0.4444444444444444 0.4166666666666667 0.36363636363636365 0.22448979591836735 0.19130434782608696 0.2011173184357542
6262.0 AEGIS 1.901 1.3892736735245355 1.7474503422079812 5.0 5.0 5.0 5.0 5.0 5.0 0.0 0.0 0.3333333333333333 0.3333333333333333 0.18181818181818182 0.1346153846153846 0.1326530612244898
6424.0 AEGIS 1.1622 2.1901682937380387 1.4523871848046372 5.0 5.0 5.0 5.0 0.0 0.0 0.4 0.3 0.3333333333333333 0.325 0.273972602739726 0.21428571428571427 0.225
6691.0 AEGIS 1.3859 1.9342372102730572 1.1604166337381083 5.0 5.0 5.0 5.0 5.0 5.0 0.5 0.3333333333333333 0.3333333333333333 0.391304347826087 0.22727272727272727 0.2556390977443609 0.19753086419753085
6880.0 AEGIS 1.5579 1.773370436007808 1.6586662756440906 5.0 5.0 5.0 5.0 5.0 5.0 0.0 0.5 0.3076923076923077 0.27586206896551724 0.18055555555555555 0.1858974358974359 0.17216117216117216
7601.0 AEGIS 1.6473 2.0209504534595726 1.3739148486468173 5.0 5.0 0.0 0.5 0.6666666666666666 0.6 0.42857142857142855 0.2727272727272727 0.2857142857142857 0.22950819672131148 0.23015873015873015 0.204 0.19571865443425077
7771.0 AEGIS 1.2838 1.9759497983739047 1.635982175625402 5.0 5.0 5.0 5.0 5.0 5.0 0.0 0.0 0.13333333333333333 0.16 0.28846153846153844 0.2814814814814815 0.25842696629213485
8635.0 AEGIS 2.1979 1.8126475404585412 1.8421449407855508 5.0 5.0 5.0 5.0 5.0 5.0 0.0 0.0 0.09090909090909091 0.05 0.05263157894736842 0.04310344827586207 0.041666666666666664
8646.0 AEGIS 1.6606 1.7715073537981907 1.0351332242196567 5.0 5.0 0.0 0.0 0.0 0.0 0.25 0.13333333333333333 0.16 0.20967741935483872 0.2222222222222222 0.19907407407407407 0.18412698412698414
8705.0 AEGIS 0.9738 1.5782849589925665 1.520683208306572 5.0 5.0 5.0 5.0 5.0 5.0 0.0 0.0 0.25 0.21428571428571427 0.15625 0.26881720430107525 0.1989795918367347
8838.0 AEGIS 1.2926 1.5966770435231648 1.8482438590165995 5.0 5.0 5.0 5.0 0.0 0.0 0.0 0.0 0.07692307692307693 0.20689655172413793 0.3225806451612903 0.2785714285714286 0.28076923076923077
9128.0 AEGIS 2.1277 1.956696408613292 1.1188540468667956 5.0 5.0 5.0 5.0 5.0 5.0 0.0 0.0 0.0 0.0 0.06382978723404255 0.12149532710280374 0.09292035398230089
9849.0 AEGIS 0.7366 2.090585005486988 1.4566162884984557 0.0 0.0 0.5 0.3333333333333333 0.6 0.625 0.4166666666666667 0.2608695652173913 0.23255813953488372 0.25 0.19791666666666666 0.19883040935672514 0.2391304347826087
9870.0 AEGIS 2.3936 1.1690949658463492 1.9178111537732567 5.0 5.0 5.0 0.0 0.0 0.0 0.0 0.0 0.0 0.125 0.058823529411764705 0.0967741935483871 0.11029411764705882
10466.0 AEGIS 0.7722 1.8216000243298187 1.4380561624520811 5.0 5.0 5.0 0.0 0.0 0.0 0.0 0.0 0.0 0.1 0.20754716981132076 0.2125984251968504 0.215
10755.0 AEGIS 2.1407 1.4790776514674795 1.6233024227963289 0.0 0.0 0.0 0.0 0.0 0.0 0.5 0.5 0.1111111111111111 0.14285714285714285 0.0847457627118644 0.11678832116788321 0.1145374449339207
10858.0 AEGIS 1.8128 1.824066999819414 1.4898256196505444 5.0 5.0 5.0 5.0 5.0 5.0 0.0 0.0 0.4 0.13333333333333333 0.1346153846153846 0.14035087719298245 0.14
10893.0 AEGIS 2.4883 1.5207215707652328 0.8448051709325504 5.0 5.0 5.0 5.0 5.0 5.0 0.0 0.0 0.06666666666666667 0.07407407407407407 0.1111111111111111 0.08433734939759036 0.07432432432432433
11022.0 AEGIS 1.2693 2.1763645386906356 1.4748859156521625 5.0 5.0 5.0 5.0 5.0 0.0 0.0 0.14285714285714285 0.23076923076923078 0.2857142857142857 0.25 0.22666666666666666 0.24242424242424243
11039.0 AEGIS 0.7598 1.8987037740509942 1.3863116835640323 5.0 5.0 5.0 1.0 1.0 1.0 1.0 0.25 0.5 0.3 0.21311475409836064 0.2702702702702703 0.23655913978494625
11465.0 AEGIS 1.6904 1.8410473470609265 0.9929440975798987 5.0 5.0 5.0 5.0 0.0 0.0 0.0 0.1111111111111111 0.14285714285714285 0.25 0.24358974358974358 0.24074074074074073 0.2007168458781362
11730.0 AEGIS 1.9842 1.9621806416016072 1.287069470034531 5.0 5.0 5.0 1.0 0.5 0.5 0.6666666666666666 0.4 0.125 0.2222222222222222 0.16279069767441862 0.15294117647058825 0.1336405529953917
11773.0 AEGIS 2.023 2.0699157008948803 1.2260736197480475 5.0 5.0 5.0 5.0 5.0 5.0 5.0 5.0 0.0 0.07692307692307693 0.07142857142857142 0.11235955056179775 0.10232558139534884
11880.0 AEGIS 2.4587 1.7717271782864763 1.8977989358011624 5.0 5.0 5.0 5.0 5.0 5.0 5.0 0.0 0.0 0.037037037037037035 0.05084745762711865 0.0851063829787234 0.08494208494208494
11966.0 AEGIS 0.8009 1.8633354598244547 1.8097385717970154 5.0 5.0 5.0 5.0 5.0 0.0 0.0 0.3333333333333333 0.4 0.30434782608695654 0.21739130434782608 0.24752475247524752 0.22580645161290322
12049.0 AEGIS 1.6531 1.3563718178088182 0.9517618020648313 5.0 5.0 5.0 5.0 5.0 5.0 0.5 0.45454545454545453 0.3448275862068966 0.25675675675675674 0.20915032679738563 0.20149253731343283 0.18584070796460178
12219.0 AEGIS 1.5263 1.4422517966286748 1.6012534576568693 5.0 5.0 5.0 5.0 5.0 0.0 0.0 0.2 0.14285714285714285 0.13157894736842105 0.15384615384615385 0.14838709677419354 0.15476190476190477
12479.0 AEGIS 2.2208 1.6533187797716786 1.6812744481618827 5.0 5.0 5.0 5.0 0.0 0.0 0.0 0.0 0.0 0.08571428571428572 0.047619047619047616 0.043478260869565216 0.06779661016949153
13524.0 AEGIS 1.2076 1.573692733775284 1.4424489300602419 5.0 5.0 5.0 5.0 0.0 0.3333333333333333 0.2 0.1111111111111111 0.15 0.18604651162790697 0.21739130434782608 0.22857142857142856 0.22535211267605634
13572.0 AEGIS 0.9932 1.3906710673210694 2.092442895804483 5.0 5.0 5.0 5.0 5.0 5.0 0.0 0.0 0.0 0.16666666666666666 0.13636363636363635 0.13821138211382114 0.14204545454545456
14012.0 AEGIS 1.383 1.70137033602314 1.681971572119465 5.0 5.0 5.0 5.0 5.0 5.0 0.0 0.2 0.3333333333333333 0.11538461538461539 0.07792207792207792 0.1297709923664122 0.11864406779661017
14056.0 AEGIS 1.307 2.0660191750102133 1.2732346374199088 5.0 5.0 5.0 5.0 5.0 5.0 1.0 0.3333333333333333 0.1111111111111111 0.16666666666666666 0.22641509433962265 0.1826086956521739 0.20444444444444446
14495.0 AEGIS 1.5693 1.7783707693336461 1.5922949286162604 5.0 5.0 5.0 5.0 5.0 5.0 5.0 0.0 0.26666666666666666 0.25925925925925924 0.17073170731707318 0.12154696132596685 0.14825581395348839
14499.0 AEGIS 1.1901 1.847605909472578 1.2265295855039013 5.0 5.0 0.0 0.0 0.0 0.0 0.0 0.0 0.1 0.16666666666666666 0.21686746987951808 0.2331288343558282 0.23272727272727273
14609.0 AEGIS 1.0734 1.8298103854812657 1.8594390879915492 5.0 5.0 5.0 5.0 5.0 5.0 5.0 5.0 0.25 0.1111111111111111 0.16326530612244897 0.18248175182481752 0.22916666666666666
14885.0 AEGIS 0.6855 1.8962360910312261 2.1227401790037175 5.0 5.0 0.0 0.0 0.0 0.0 0.0 0.0 0.1111111111111111 0.18181818181818182 0.1724137931034483 0.29927007299270075 0.2982456140350877
15088.0 AEGIS 1.9591 1.4514169822754686 1.2519167882251843 5.0 0.0 0.0 0.0 0.0 0.0 0.2 0.25 0.25 0.2 0.15841584158415842 0.12834224598930483 0.1276595744680851
15593.0 AEGIS 0.8276 2.023750030966991 1.8465344374469321 5.0 5.0 5.0 5.0 5.0 5.0 5.0 0.0 0.09090909090909091 0.08695652173913043 0.19607843137254902 0.17796610169491525 0.1839080459770115
15669.0 AEGIS 0.7818 1.9132138247136843 1.803853062196867 5.0 5.0 5.0 5.0 5.0 5.0 0.0 0.18181818181818182 0.16666666666666666 0.25 0.19767441860465115 0.1625 0.1952191235059761
15709.0 AEGIS 2.0878 1.7438968929162253 1.7588343236267088 5.0 5.0 5.0 5.0 0.0 0.0 0.0 0.25 0.29411764705882354 0.15 0.07216494845360824 0.09146341463414634 0.1
15871.0 AEGIS 2.1681 1.4654731231401452 0.9416749852407869 5.0 5.0 5.0 5.0 5.0 5.0 0.0 0.125 0.0625 0.06060606060606061 0.07042253521126761 0.07894736842105263 0.08108108108108109
16065.0 AEGIS 2.1872 1.6338795238120323 1.7790913781320192 5.0 5.0 5.0 5.0 5.0 0.0 0.0 0.0 0.0 0.06451612903225806 0.12 0.1079136690647482 0.10038610038610038
16180.0 AEGIS 0.7019 1.8134056545067812 1.656718276836353 5.0 5.0 5.0 5.0 5.0 0.0 0.0 0.14285714285714285 0.07142857142857142 0.14285714285714285 0.28169014084507044 0.29411764705882354 0.28078817733990147
16238.0 AEGIS 1.3688 1.5712760648254513 1.8793689818100787 5.0 0.0 0.0 0.0 0.0 0.0 0.0 0.0 0.0 0.07407407407407407 0.14084507042253522 0.1276595744680851 0.12135922330097088
16367.0 AEGIS 0.9278 1.992357118857212 1.3575752600579105 5.0 5.0 5.0 0.0 0.0 0.5 0.6 0.4 0.35714285714285715 0.3181818181818182 0.21568627450980393 0.18421052631578946 0.19428571428571428
16491.0 AEGIS 1.6426 1.6731910698186838 0.9307943515023731 5.0 5.0 5.0 5.0 5.0 5.0 0.0 0.1111111111111111 0.2 0.23529411764705882 0.20952380952380953 0.2391304347826087 0.22085889570552147
17297.0 AEGIS 1.2694 2.0202761364346418 1.259951772939153 5.0 5.0 0.0 0.0 0.0 0.0 0.0 0.0 0.0 0.09375 0.14285714285714285 0.15428571428571428 0.19081272084805653
17424.0 AEGIS 0.8009 2.139677318494534 1.5848864463457883 5.0 5.0 5.0 1.0 0.5 0.3333333333333333 0.5 0.4 0.375 0.21212121212121213 0.1746031746031746 0.22522522522522523 0.20710059171597633
17527.0 AEGIS 0.6725 2.0927983892711404 1.5829555060382243 5.0 5.0 5.0 5.0 1.0 1.0 0.5 0.5 0.36 0.2647058823529412 0.30701754385964913 0.31176470588235294 0.3181818181818182
17570.0 AEGIS 1.059 2.0348030475807515 1.4376853474823823 5.0 5.0 0.0 0.0 0.0 0.0 0.0 0.0 0.06666666666666667 0.17647058823529413 0.21212121212121213 0.20353982300884957 0.22959183673469388
17691.0 AEGIS 1.8434 1.8496963832368631 1.6112418306680685 5.0 5.0 5.0 5.0 0.0 0.3333333333333333 0.14285714285714285 0.23529411764705882 0.2 0.1935483870967742 0.14960629921259844 0.12690355329949238 0.1417624521072797
17754.0 AEGIS 2.2393 1.4096281815248033 1.4211707819204633 5.0 5.0 5.0 5.0 0.0 0.0 0.0 0.0 0.0 0.0 0.06756756756756757 0.10303030303030303 0.1213235294117647
17775.0 AEGIS 1.1774 1.9525336733654373 1.2579425812260394 5.0 5.0 5.0 5.0 5.0 0.0 0.0 0.2857142857142857 0.25806451612903225 0.24193548387096775 0.23684210526315788 0.21505376344086022 0.23776223776223776
17948.0 AEGIS 0.9784 1.776461075021085 1.4061875138914035 5.0 5.0 5.0 5.0 5.0 5.0 0.0 0.0 0.18181818181818182 0.23809523809523808 0.1746031746031746 0.16521739130434782 0.16923076923076924
18045.0 AEGIS 1.1609 2.2279023295021902 1.6646276865431398 5.0 5.0 5.0 5.0 0.0 0.5 0.25 0.2857142857142857 0.3125 0.358974358974359 0.27956989247311825 0.25862068965517243 0.2508591065292096
18280.0 AEGIS 1.8197 1.8154910151707604 1.630784280815086 5.0 5.0 5.0 5.0 5.0 5.0 5.0 0.0 0.05263157894736842 0.208955223880597 0.1590909090909091 0.14345991561181434 0.1611842105263158
18922.0 AEGIS 1.6912 1.6661282917617946 0.9137694693982091 5.0 5.0 5.0 5.0 1.0 0.25 0.42857142857142855 0.3333333333333333 0.2222222222222222 0.23809523809523808 0.21153846153846154 0.1791530944625407 0.18205128205128204
19743.0 AEGIS 1.5751 2.0173006600177747 1.3298135812781395 5.0 5.0 5.0 5.0 0.5 0.4 0.5 0.4 0.4166666666666667 0.25925925925925924 0.21686746987951808 0.22404371584699453 0.16901408450704225
19970.0 AEGIS 1.2374 1.705950884695239 1.6090306504348926 5.0 5.0 0.0 0.0 0.0 0.0 0.0 0.13333333333333333 0.2222222222222222 0.19230769230769232 0.20909090909090908 0.225130890052356 0.21328671328671328
20106.0 AEGIS 1.1102 1.842170935128196 1.550517910869591 5.0 5.0 5.0 0.0 0.0 0.25 0.4 0.36363636363636365 0.3333333333333333 0.34285714285714286 0.24242424242424243 0.2679738562091503 0.23703703703703705
20794.0 AEGIS 1.1655 1.8583702737866408 1.3551801653906876 5.0 5.0 5.0 5.0 0.0 0.5 0.5 0.5 0.5 0.2222222222222222 0.2125 0.2483221476510067 0.24302788844621515
21028.0 AEGIS 1.2469 1.4929882948968622 2.124657600464104 5.0 5.0 5.0 5.0 5.0 5.0 5.0 0.6666666666666666 0.25 0.25 0.20689655172413793 0.1945945945945946 0.20454545454545456
21156.0 AEGIS 1.9074 1.5749155384458247 1.8168335806680944 5.0 5.0 5.0 5.0 5.0 5.0 5.0 0.0 0.07142857142857142 0.10256410256410256 0.0967741935483871 0.13368983957219252 0.1471698113207547
21357.0 AEGIS 1.3373 1.8706132661909038 1.7405110996731539 5.0 5.0 0.0 0.0 0.0 0.0 0.0 0.0 0.29411764705882354 0.20512820512820512 0.20238095238095238 0.19402985074626866 0.1631578947368421
22126.0 AEGIS 1.0987 1.9894086663063437 1.3029479527066004 5.0 5.0 5.0 5.0 5.0 1.0 0.5 0.25 0.23076923076923078 0.20588235294117646 0.23863636363636365 0.23076923076923078 0.2230769230769231
22678.0 AEGIS 1.1987 1.7619921635734186 1.5662442704659887 5.0 5.0 5.0 0.0 0.0 0.5 0.5 0.25 0.25925925925925924 0.2222222222222222 0.21978021978021978 0.22033898305084745 0.22382671480144403
23011.0 AEGIS 1.3328 1.796810151350051 1.7934856522251614 5.0 5.0 5.0 5.0 5.0 0.0 0.0 0.14285714285714285 0.07142857142857142 0.3695652173913043 0.3106796116504854 0.27218934911242604 0.24302788844621515
23040.0 AEGIS 2.3742 1.334729670947177 1.5919809039817872 5.0 5.0 5.0 0.0 0.0 0.0 0.0 0.0 0.14285714285714285 0.13513513513513514 0.1625 0.10897435897435898 0.10612244897959183
23234.0 AEGIS 1.9147 1.8958915796087004 1.5939609135366306 1.0 1.0 1.0 1.0 1.0 1.0 0.4 0.16666666666666666 0.2222222222222222 0.16666666666666666 0.10679611650485436 0.12650602409638553 0.13983050847457626
23645.0 AEGIS 2.1067 1.6059173279504968 1.9232133516532972 5.0 5.0 5.0 5.0 0.0 0.0 0.0 0.14285714285714285 0.1 0.07692307692307693 0.09859154929577464 0.1111111111111111 0.10648148148148148
24059.0 AEGIS 1.8634 2.032437419476475 1.6715226717183818 5.0 5.0 5.0 5.0 5.0 5.0 0.0 0.3333333333333333 0.46153846153846156 0.3076923076923077 0.2 0.16883116883116883 0.17204301075268819
24333.0 AEGIS 1.9683 2.1587047392072676 1.4235750176681785 5.0 5.0 5.0 5.0 1.0 1.0 0.5 0.2222222222222222 0.2857142857142857 0.20930232558139536 0.11650485436893204 0.11834319526627218 0.1222707423580786
24448.0 AEGIS 1.6382 1.9281602220494585 1.2638165656546743 5.0 0.0 0.0 0.0 0.3333333333333333 0.6 0.4 0.32 0.2916666666666667 0.20987654320987653 0.1986754966887417 0.20454545454545456 0.19298245614035087
25300.0 AEGIS 2.3178 1.5178353837199827 2.0707079972508518 5.0 5.0 5.0 5.0 5.0 5.0 5.0 0.0 0.0 0.04 0.06349206349206349 0.08064516129032258 0.07428571428571429
25346.0 AEGIS 1.8619 1.8645017190959217 1.7950486858077386 5.0 5.0 5.0 5.0 5.0 5.0 5.0 5.0 0.0 0.05 0.1016949152542373 0.14173228346456693 0.13793103448275862
25354.0 AEGIS 0.6539 1.8664377996722412 1.9323532699354278 5.0 5.0 0.0 0.0 0.0 0.0 0.0 0.2857142857142857 0.25 0.2727272727272727 0.2537313432835821 0.3013698630136986 0.3170731707317073
25969.0 AEGIS 1.6654 2.0448169376740677 1.2060049626508687 5.0 0.0 0.6666666666666666 0.75 0.75 0.5714285714285714 0.4444444444444444 0.2727272727272727 0.325 0.22772277227722773 0.20454545454545456 0.1901639344262295 0.18588235294117647
26127.0 AEGIS 0.8053 1.625822220314575 1.3945200522330952 5.0 5.0 5.0 1.0 1.0 0.3333333333333333 0.3333333333333333 0.2 0.2 0.19444444444444445 0.29310344827586204 0.24770642201834864 0.21893491124260356
26508.0 AEGIS 2.028 1.8621083082985737 1.8246485603395062 5.0 5.0 5.0 5.0 5.0 0.0 0.0 0.0 0.0 0.0 0.12745098039215685 0.12365591397849462 0.12396694214876033
26649.0 AEGIS 1.8731 1.3396106958496579 1.3022064009386634 5.0 5.0 5.0 5.0 5.0 5.0 0.0 0.0 0.08333333333333333 0.17073170731707318 0.15 0.1712707182320442 0.1618705035971223
26850.0 AEGIS 1.2876 1.5531041636645844 1.9867169939035034 0.0 0.0 0.0 0.0 0.0 0.0 0.0 0.0 0.3 0.30303030303030304 0.32558139534883723 0.29508196721311475 0.26811594202898553
26884.0 AEGIS 1.2516 1.830172090952875 1.3545317337918241 5.0 0.0 0.0 0.0 0.0 0.0 0.0 0.09090909090909091 0.13043478260869565 0.15217391304347827 0.16831683168316833 0.19662921348314608 0.19865319865319866
27177.0 AEGIS 1.4624 1.624236587641206 1.5118719849085656 5.0 5.0 5.0 5.0 5.0 5.0 5.0 0.3333333333333333 0.25 0.11428571428571428 0.16455696202531644 0.13793103448275862 0.14027149321266968
27315.0 AEGIS 1.567 1.724610619000102 1.7783502681588514 5.0 5.0 5.0 5.0 5.0 5.0 0.0 0.2857142857142857 0.1875 0.18421052631578946 0.12658227848101267 0.11764705882352941 0.14450867052023122
27802.0 AEGIS 2.0109 1.6010057073130253 1.8780121186656538 5.0 5.0 5.0 5.0 0.0 0.0 0.0 0.0 0.125 0.06666666666666667 0.08333333333333333 0.10810810810810811 0.10625
28310.0 AEGIS 1.5191 1.3662957018860822 1.6706428004390772 5.0 5.0 0.5 0.5 0.5 0.5 0.4 0.2 0.21052631578947367 0.1388888888888889 0.13095238095238096 0.10204081632653061 0.15261044176706828
28328.0 AEGIS 1.0954 1.9335955672764236 1.2754573004764136 5.0 5.0 1.0 1.0 1.0 1.0 0.5 0.3 0.23529411764705882 0.27450980392156865 0.2261904761904762 0.2360248447204969 0.22592592592592592
28843.0 AEGIS 1.5259 1.6076693797198736 0.9201611391294634 5.0 5.0 5.0 5.0 5.0 0.0 0.0 0.08333333333333333 0.09090909090909091 0.1276595744680851 0.08080808080808081 0.07567567567567568 0.09961685823754789
28864.0 AEGIS 1.5374 1.6027415532884814 1.0526009772632021 5.0 5.0 5.0 5.0 5.0 5.0 0.3333333333333333 0.2222222222222222 0.125 0.10526315789473684 0.06741573033707865 0.08522727272727272 0.09060402684563758
29106.0 AEGIS 2.0209 1.8273987782823538 1.6293014614353147 5.0 5.0 5.0 5.0 5.0 5.0 5.0 0.5 0.25 0.15789473684210525 0.17391304347826086 0.14893617021276595 0.10396039603960396
29178.0 AEGIS 2.0337 1.7511310225873833 1.9374523738282585 5.0 5.0 0.0 0.0 0.0 0.0 0.0 0.25 0.08333333333333333 0.058823529411764705 0.11764705882352941 0.11864406779661017 0.10795454545454546
29299.0 AEGIS 0.6175 1.5548271813811663 1.5675003496465916 5.0 5.0 5.0 5.0 5.0 5.0 0.0 0.0 0.125 0.3448275862068966 0.3333333333333333 0.3466666666666667 0.3425925925925926
29329.0 AEGIS 1.6117 1.44751194278042 1.8995349549426548 5.0 0.0 0.0 0.0 0.0 0.0 0.2 0.3888888888888889 0.3333333333333333 0.22388059701492538 0.21804511278195488 0.2032520325203252 0.20110192837465565
29399.0 AEGIS 1.8255 1.9463543954610705 1.5366515021694744 0.0 0.0 0.0 0.0 0.3333333333333333 0.14285714285714285 0.125 0.2 0.14285714285714285 0.0967741935483871 0.1506849315068493 0.13966480446927373 0.16286644951140064
29861.0 AEGIS 2.0254 1.710372885164137 1.5273753540969972 5.0 5.0 5.0 5.0 0.0 0.0 0.0 0.0 0.0 0.02857142857142857 0.08860759493670886 0.10714285714285714 0.12301587301587301
29863.0 AEGIS 1.1841 2.033578565285833 1.3924757307719935 5.0 5.0 5.0 5.0 5.0 5.0 0.0 0.0 0.23076923076923078 0.3148148148148148 0.2653061224489796 0.2328042328042328 0.26047904191616766
29987.0 AEGIS 2.209 1.687384204295106 1.5217745604985156 5.0 5.0 5.0 5.0 0.0 0.0 0.0 0.1111111111111111 0.13333333333333333 0.20512820512820512 0.14666666666666667 0.09815950920245399 0.09652509652509653
30084.0 AEGIS 0.68 1.2859135185408852 1.4860344772358902 5.0 5.0 0.0 0.5 0.3333333333333333 0.3333333333333333 0.2 0.3 0.35 0.43243243243243246 0.37681159420289856 0.3119266055045872 0.27932960893854747
30393.0 AEGIS 1.2047 1.7938396091578948 1.1148305580020976 5.0 5.0 5.0 5.0 5.0 0.5 0.25 0.3 0.35 0.32142857142857145 0.29347826086956524 0.22043010752688172 0.22570532915360503
30421.0 AEGIS 1.4359 1.5347530167273995 1.3698115332887695 5.0 5.0 5.0 0.0 0.0 0.0 0.14285714285714285 0.16666666666666666 0.1111111111111111 0.15 0.15789473684210525 0.125 0.12315270935960591
30735.0 AEGIS 1.0595 1.9556923882320432 1.5863871775065441 5.0 5.0 1.0 1.0 1.0 1.0 0.5 0.5 0.2727272727272727 0.20833333333333334 0.21311475409836064 0.21705426356589147 0.20606060606060606
30920.0 AEGIS 1.2714 1.505813369358521 1.8719186817460851 5.0 5.0 5.0 5.0 0.0 0.0 0.0 0.0 0.09090909090909091 0.15789473684210525 0.15476190476190477 0.19135802469135801 0.17898832684824903
30967.0 AEGIS 2.0686 1.40290815165053 1.2684380283885253 5.0 5.0 5.0 5.0 5.0 5.0 5.0 0.2 0.09090909090909091 0.07407407407407407 0.11864406779661017 0.13740458015267176 0.12796208530805686
31001.0 AEGIS 0.8272 1.2868923429137804 1.537904864073193 5.0 5.0 0.5 0.5 0.5 0.5 0.2 0.1 0.2 0.16129032258064516 0.16393442622950818 0.15126050420168066 0.15028901734104047
31109.0 AEGIS 0.94 1.6328874992671465 1.4869557422098962 5.0 5.0 5.0 0.0 0.25 0.25 0.2857142857142857 0.16666666666666666 0.10526315789473684 0.1 0.13793103448275862 0.17647058823529413 0.14935064935064934
31169.0 AEGIS 1.8941 2.0018030034578302 1.3440068762861845 5.0 5.0 0.0 0.0 0.3333333333333333 0.2 0.2 0.3333333333333333 0.2222222222222222 0.125 0.16129032258064516 0.1259259259259259 0.14015151515151514
31326.0 AEGIS 1.1711 1.4819420646043993 1.222958394776884 0.0 0.0 0.0 0.25 0.25 0.25 0.2 0.25 0.23076923076923078 0.2619047619047619 0.275 0.2658959537572254 0.2560553633217993
31353.0 AEGIS 2.3164 1.3927819933870944 1.4333196684580214 0.0 0.0 0.0 0.0 0.0 0.0 0.0 0.0 0.0 0.07692307692307693 0.08450704225352113 0.09090909090909091 0.09152542372881356
31839.0 AEGIS 1.9626 1.9016173131343885 1.0107904802583647 5.0 5.0 5.0 5.0 1.0 1.0 0.5 0.25 0.14285714285714285 0.09090909090909091 0.12195121951219512 0.13829787234042554 0.11538461538461539
32014.0 AEGIS 2.4196 1.7332677009769006 1.2901910268277696 5.0 5.0 5.0 0.0 0.0 0.0 0.0 0.0 0.07142857142857142 0.057692307692307696 0.06818181818181818 0.09375 0.09022556390977443
32425.0 AEGIS 1.0268 1.8952172979528092 1.296600597055185 5.0 5.0 5.0 0.0 0.0 0.0 0.0 0.0 0.0 0.0 0.06382978723404255 0.16161616161616163 0.15083798882681565
33028.0 AEGIS 1.426 1.4600873400539292 1.2798153367171499 5.0 5.0 5.0 5.0 5.0 5.0 5.0 0.0 0.26666666666666666 0.13157894736842105 0.11940298507462686 0.14516129032258066 0.12690355329949238
33158.0 AEGIS 1.4152 1.5009281429172685 1.0859689287651064 5.0 5.0 5.0 0.0 0.0 0.0 0.0 0.14285714285714285 0.18181818181818182 0.13636363636363635 0.14814814814814814 0.15053763440860216 0.20394736842105263
33196.0 AEGIS 1.6927 1.5656260236839779 1.2271147775251492 5.0 5.0 5.0 5.0 5.0 0.0 0.0 0.08333333333333333 0.19047619047619047 0.16666666666666666 0.16853932584269662 0.16071428571428573 0.183206106870229
33551.0 AEGIS 1.5572 1.3256530867331233 1.3227873899092504 5.0 5.0 5.0 0.0 0.0 0.0 0.0 0.16666666666666666 0.1875 0.09375 0.13157894736842105 0.10526315789473684 0.12297734627831715
33863.0 AEGIS 2.1698 1.9439170140834254 1.5449665582796683 5.0 5.0 5.0 5.0 5.0 0.0 0.0 0.0 0.0 0.043478260869565216 0.05454545454545454 0.0962962962962963 0.09236947791164658
33925.0 AEGIS 2.2941 1.6889236146898812 1.767624030524379 5.0 5.0 5.0 0.0 0.0 0.0 0.0 0.0 0.0 0.03225806451612903 0.034482758620689655 0.08088235294117647 0.07179487179487179
34141.0 AEGIS 1.4344 1.6415570719327552 1.9746797321742529 5.0 5.0 5.0 5.0 0.0 0.0 0.3333333333333333 0.4 0.2 0.1111111111111111 0.1016949152542373 0.0891089108910891 0.11442786069651742
34185.0 AEGIS 1.7221 1.7910581941969088 1.5773066013342405 5.0 5.0 5.0 5.0 0.0 0.5 0.3333333333333333 0.3333333333333333 0.19047619047619047 0.2 0.21008403361344538 0.21367521367521367 0.20876288659793815
34254.0 AEGIS 1.0186 1.6094853998562442 1.3173498681369222 5.0 5.0 5.0 5.0 5.0 0.0 0.0 0.0 0.08333333333333333 0.21212121212121213 0.2711864406779661 0.2 0.22
34722.0 AEGIS 1.087 1.9880984203747838 1.5093374106309723 1.0 0.5 0.3333333333333333 0.3333333333333333 0.25 0.3333333333333333 0.4444444444444444 0.3076923076923077 0.2608695652173913 0.23404255319148937 0.2602739726027397 0.22 0.23137254901960785
34836.0 AEGIS 0.9269 1.9014852998736576 1.3027928244785878 5.0 5.0 5.0 5.0 0.0 0.0 0.0 0.2857142857142857 0.18181818181818182 0.125 0.13513513513513514 0.12121212121212122 0.12307692307692308
35677.0 AEGIS 1.6568 2.0719039355769553 1.3631410363461067 5.0 5.0 5.0 0.0 0.0 0.16666666666666666 0.14285714285714285 0.1111111111111111 0.06666666666666667 0.13333333333333333 0.1981981981981982 0.19069767441860466 0.18414322250639387
36104.0 AEGIS 2.3265 1.8204951088667929 1.4153757854684184 5.0 5.0 5.0 1.0 1.0 0.5 0.3333333333333333 0.16666666666666666 0.08 0.1282051282051282 0.09722222222222222 0.06923076923076923 0.08333333333333333
36347.0 AEGIS 1.5568 1.8899693863058842 1.9311332184327035 5.0 5.0 5.0 5.0 0.0 0.0 0.0 0.125 0.09090909090909091 0.13793103448275862 0.10714285714285714 0.10294117647058823 0.11842105263157894
36600.0 AEGIS 0.9304 1.942539993787086 1.3794554015132663 5.0 5.0 5.0 5.0 5.0 0.0 0.0 0.2222222222222222 0.23076923076923078 0.15789473684210525 0.18604651162790697 0.21212121212121213 0.17582417582417584
37556.0 AEGIS 1.7945 1.9302725684478597 1.230521904767581 0.0 0.0 0.0 0.0 0.0 0.0 0.0 0.0 0.0 0.037037037037037035 0.09302325581395349 0.13414634146341464 0.1388888888888889
37592.0 AEGIS 1.9723 1.3996593406156985 1.7877480785801323 5.0 5.0 5.0 5.0 5.0 0.0 0.0 0.0 0.0 0.0 0.05555555555555555 0.11504424778761062 0.1375
37662.0 AEGIS 0.7931 2.0766565149030187 1.5354505231074338 5.0 5.0 5.0 5.0 5.0 1.0 1.0 0.8 0.6363636363636364 0.4166666666666667 0.3157894736842105 0.23275862068965517 0.2057142857142857
37919.0 AEGIS 1.3828 1.5252757400357115 1.1807080266830507 5.0 5.0 5.0 1.0 1.0 1.0 1.0 0.4 0.3333333333333333 0.2222222222222222 0.1724137931034483 0.1506849315068493 0.2080536912751678
38065.0 AEGIS 1.1867 1.3904644800256192 1.2561648786846722 5.0 5.0 5.0 5.0 0.0 0.0 0.0 0.0 0.1111111111111111 0.15384615384615385 0.22784810126582278 0.26666666666666666 0.24041811846689895
38130.0 AEGIS 1.2185 1.5488366084174547 1.2552556381581121 5.0 5.0 5.0 5.0 0.0 0.0 0.0 0.14285714285714285 0.25 0.13043478260869565 0.17647058823529413 0.24347826086956523 0.2300469483568075
38167.0 AEGIS 1.4348 1.09057132537669 1.7020873170542996 5.0 5.0 5.0 5.0 5.0 5.0 0.0 0.0 0.0 0.0 0.0975609756097561 0.10377358490566038 0.11219512195121951
38174.0 AEGIS 1.6225 1.4910117585014788 1.3215086263855427 5.0 5.0 0.0 0.0 0.0 0.0 0.0 0.15384615384615385 0.18518518518518517 0.16216216216216217 0.21311475409836064 0.21487603305785125 0.19855595667870035
38187.0 AEGIS 2.1336 1.65231166738198 1.7731336132656075 5.0 5.0 5.0 5.0 0.0 0.0 0.5 0.3333333333333333 0.3333333333333333 0.2 0.13953488372093023 0.10909090909090909 0.11467889908256881
38285.0 AEGIS 0.6939 1.9253210858268166 1.321417918143748 5.0 5.0 5.0 5.0 5.0 1.0 1.0 0.8 0.8888888888888888 0.48 0.43478260869565216 0.3181818181818182 0.2849162011173184
38290.0 AEGIS 1.7711 2.1452014157499515 1.3958203098310638 5.0 1.0 1.0 0.5 0.2 0.16666666666666666 0.16666666666666666 0.16666666666666666 0.16666666666666666 0.13636363636363635 0.13953488372093023 0.18292682926829268 0.165
38523.0 AEGIS 0.8169 1.5170199762841223 1.714511695125517 5.0 5.0 5.0 5.0 5.0 5.0 5.0 5.0 0.0 0.0 0.08333333333333333 0.13861386138613863 0.14948453608247422
38822.0 AEGIS 0.8337 1.6570433771197135 1.969218745532815 5.0 5.0 5.0 5.0 5.0 5.0 0.0 0.0 0.0 0.3333333333333333 0.24324324324324326 0.2716049382716049 0.2356687898089172
39028.0 AEGIS 1.5959 1.4352241357145195 0.9940513380680243 5.0 5.0 5.0 5.0 5.0 5.0 5.0 0.0 0.0 0.21052631578947367 0.2222222222222222 0.2046783625730994 0.1897590361445783
39239.0 AEGIS 1.5482 1.7188890136654629 2.0254800360535836 5.0 5.0 5.0 5.0 5.0 5.0 5.0 5.0 0.0 0.05555555555555555 0.0425531914893617 0.09433962264150944 0.11538461538461539
40470.0 AEGIS 1.5942 1.7156665078626028 1.251883554915442 5.0 5.0 5.0 5.0 5.0 0.0 0.0 0.0 0.10526315789473684 0.16666666666666666 0.16326530612244897 0.16666666666666666 0.17582417582417584
40980.0 AEGIS 2.4435 2.0122606498658673 1.7055602626188313 5.0 5.0 5.0 0.0 0.0 0.0 0.0 0.0 0.0 0.1111111111111111 0.125 0.1111111111111111 0.07929515418502203
4536.0 COSMOS 1.801 1.8722400342675938 1.7123858006023496 5.0 5.0 5.0 0.0 0.0 0.0 0.0 0.375 0.35 0.24390243902439024 0.21428571428571427 0.2471264367816092 0.24313725490196078
4596.0 COSMOS 0.7199 1.8685762644787647 1.3965758420281384 5.0 5.0 5.0 5.0 0.0 0.0 0.0 0.0 0.16666666666666666 0.21153846153846154 0.28125 0.26903553299492383 0.2943396226415094
5473.0 COSMOS 2.2406 1.7389815120637486 1.8858742377755935 5.0 5.0 5.0 5.0 5.0 1.0 1.0 0.5 0.1111111111111111 0.1111111111111111 0.12 0.0948905109489051 0.07881773399014778
5712.0 COSMOS 0.7598 1.6682385246130547 1.3484080967233292 5.0 5.0 5.0 5.0 0.0 0.0 0.0 0.14285714285714285 0.125 0.10714285714285714 0.2318840579710145 0.2584745762711864 0.28852459016393445
9111.0 COSMOS 1.2138 1.826192019130156 1.0711932901208676 5.0 5.0 5.0 5.0 5.0 5.0 5.0 0.0 0.1111111111111111 0.11764705882352941 0.11764705882352941 0.21621621621621623 0.1948529411764706
9667.0 COSMOS 1.5391 1.8450808955684148 1.092575475943017 5.0 5.0 0.0 0.0 0.0 0.3333333333333333 0.25 0.25 0.2 0.35714285714285715 0.2 0.15333333333333332 0.16544117647058823
11314.0 COSMOS 2.3414 1.5352894310856229 2.081433544847533 5.0 5.0 5.0 5.0 5.0 5.0 5.0 0.3333333333333333 0.16666666666666666 0.08333333333333333 0.07142857142857142 0.06172839506172839 0.06593406593406594
11337.0 COSMOS 2.1888 1.2978510241220331 0.8243358736446413 0.0 0.0 0.0 0.0 0.0 0.0 0.0 0.0 0.0 0.12 0.06451612903225806 0.07272727272727272 0.08633093525179857
11363.0 COSMOS 2.1158 1.2208683965941363 0.7979851186600028 1.0 1.0 1.0 1.0 1.0 0.5 0.5 0.3333333333333333 0.2222222222222222 0.16 0.11290322580645161 0.12280701754385964 0.1223021582733813
11871.0 COSMOS 1.4974 1.6998056667968229 1.349830915288615 5.0 1.0 1.0 0.6666666666666666 0.75 0.42857142857142855 0.4444444444444444 0.45454545454545453 0.3 0.22580645161290322 0.19402985074626866 0.19148936170212766 0.17695473251028807
11973.0 COSMOS 1.6075 2.130712927128418 1.540901729367683 5.0 5.0 5.0 5.0 0.75 0.8333333333333334 0.7142857142857143 0.6 0.5 0.34375 0.2318840579710145 0.2046783625730994 0.17905405405405406
12767.0 COSMOS 1.1172 1.649859329712759 1.533693977953576 5.0 5.0 5.0 5.0 5.0 5.0 5.0 0.0 0.375 0.2962962962962963 0.22807017543859648 0.17647058823529413 0.19834710743801653
13174.0 COSMOS 2.0895 1.450827754562485 1.9808491134884334 5.0 5.0 5.0 5.0 0.0 0.0 0.0 0.0 0.2 0.21052631578947367 0.13846153846153847 0.11188811188811189 0.1320754716981132
13524.0 COSMOS 0.5963 2.0411263193913927 1.3131355535516085 5.0 5.0 5.0 0.0 0.0 0.0 0.0 0.0 0.0 0.28 0.27450980392156865 0.2702702702702703 0.34234234234234234
13837.0 COSMOS 0.8326 2.0281014590513573 1.3005932093058448 5.0 5.0 5.0 5.0 5.0 0.0 0.0 0.2 0.34782608695652173 0.4 0.3373493975903614 0.30198019801980197 0.2831050228310502
13903.0 COSMOS 0.6131 1.9896356932403836 1.6499283772500233 5.0 5.0 0.0 0.5 0.5 0.5 0.25 0.2 0.1 0.3 0.2982456140350877 0.2809917355371901 0.35135135135135137
15066.0 COSMOS 1.4391 1.7694410694994795 1.7817508247032783 5.0 5.0 5.0 0.0 0.0 0.0 0.0 0.2 0.2 0.125 0.14864864864864866 0.17557251908396945 0.16203703703703703
18575.0 COSMOS 1.0068 1.9770927967010095 1.6252235974382148 5.0 5.0 5.0 5.0 5.0 5.0 0.0 0.0 0.0 0.2777777777777778 0.2727272727272727 0.20512820512820512 0.22137404580152673
18688.0 COSMOS 1.9094 1.5351769273941442 1.1413423349942955 5.0 5.0 5.0 0.0 0.0 0.5 0.3333333333333333 0.3333333333333333 0.15384615384615385 0.15151515151515152 0.15942028985507245 0.1242603550295858 0.14383561643835616
19090.0 COSMOS 2.4545 1.875050627075292 1.1228809642323354 5.0 5.0 0.5 0.5 0.6666666666666666 0.6 0.5 0.25 0.17647058823529413 0.15 0.08571428571428572 0.1347517730496454 0.1267605633802817
19134.0 COSMOS 2.3853 2.192846383848908 1.2739608026761533 5.0 5.0 1.0 0.3333333333333333 0.5 0.6 0.5 0.3333333333333333 0.21428571428571427 0.16666666666666666 0.08771929824561403 0.14285714285714285 0.12571428571428572
19153.0 COSMOS 2.2687 2.157996861980988 1.149131768370474 5.0 5.0 5.0 0.0 0.0 0.0 0.0 0.0 0.0 0.0 0.0 0.08139534883720931 0.0783132530120482
20565.0 COSMOS 0.8878 1.7816332589368233 1.398461871582232 5.0 5.0 5.0 5.0 5.0 0.25 0.25 0.2 0.125 0.3 0.32222222222222224 0.2692307692307692 0.2793733681462141
20839.0 COSMOS 0.8735 1.769122068194423 1.4317830584448108 5.0 5.0 5.0 5.0 0.0 0.5 0.3333333333333333 0.2 0.23076923076923078 0.2727272727272727 0.3258426966292135 0.2688679245283019 0.2741514360313316
20983.0 COSMOS 1.967 1.709574164119668 1.0411244398499613 5.0 5.0 5.0 5.0 5.0 0.0 0.0 0.0 0.0 0.18181818181818182 0.12121212121212122 0.1292517006802721 0.10469314079422383
25534.0 COSMOS 1.5462 1.855331538723034 1.0488984132415664 1.0 1.0 1.0 1.0 1.0 0.6666666666666666 0.2857142857142857 0.2222222222222222 0.15 0.15384615384615385 0.11267605633802817 0.10059171597633136 0.13953488372093023
25581.0 COSMOS 1.8599 1.7940181927351464 1.0026056496827713 5.0 5.0 5.0 5.0 0.0 0.0 0.0 0.0 0.16666666666666666 0.23076923076923078 0.16216216216216217 0.12380952380952381 0.13656387665198239
26338.0 COSMOS 2.28 1.8726830344433067 1.8930051298874606 5.0 5.0 5.0 5.0 5.0 5.0 5.0 0.0 0.0 0.15384615384615385 0.125 0.12987012987012986 0.08333333333333333
27723.0 COSMOS 0.9684 1.7029218772235375 1.143986353309266 5.0 5.0 5.0 5.0 5.0 5.0 1.0 0.375 0.3076923076923077 0.22580645161290322 0.2361111111111111 0.27705627705627706 0.268370607028754
28492.0 COSMOS 1.8389 1.4977453701685794 1.7742712359392656 5.0 5.0 5.0 5.0 5.0 5.0 5.0 0.0 0.0 0.21428571428571427 0.11428571428571428 0.14432989690721648 0.1270718232044199
28546.0 COSMOS 2.0243 2.088310991887222 1.1854550161376647 1.0 1.0 1.0 0.5 0.5 0.25 0.16666666666666666 0.14285714285714285 0.16666666666666666 0.11764705882352941 0.07142857142857142 0.05747126436781609 0.07482993197278912
28565.0 COSMOS 2.0661 2.083029029248937 1.1864956209658448 1.0 1.0 1.0 0.5 0.5 0.3333333333333333 0.25 0.2 0.1111111111111111 0.07142857142857142 0.08108108108108109 0.06172839506172839 0.08527131782945736
28772.0 COSMOS 0.7113 1.8357737552249154 1.3902619084775565 5.0 5.0 5.0 5.0 5.0 5.0 5.0 0.5 0.35294117647058826 0.4 0.4067796610169492 0.39545454545454545 0.3645833333333333
3776.0 GOODS-N 2.1218 0.6469275460138318 0.39860395633625034 5.0 5.0 5.0 5.0 5.0 5.0 0.0 0.0 0.0 0.0 0.07692307692307693 0.09876543209876543 0.07471264367816093
4117.0 GOODS-N 1.6189 0.6645394795207371 2.157637731461252 5.0 5.0 5.0 5.0 5.0 0.0 0.0 0.0 0.09090909090909091 0.041666666666666664 0.0851063829787234 0.0891089108910891 0.08108108108108109
4711.0 GOODS-N 1.2323 0.457718713981924 0.20362899287920494 5.0 5.0 5.0 5.0 0.0 0.0 0.0 0.0 0.11764705882352941 0.08571428571428572 0.09375 0.06870229007633588 0.0752212389380531
4854.0 GOODS-N 2.2112 0.3447666323947999 -0.29949938119271 5.0 5.0 0.0 0.0 0.0 0.0 0.0 0.0 0.0 0.043478260869565216 0.04081632653061224 0.046296296296296294 0.058823529411764705
4927.0 GOODS-N 2.2172 0.6192662641304639 0.21978126421499547 5.0 5.0 5.0 5.0 5.0 0.0 0.0 0.0 0.0 0.034482758620689655 0.034482758620689655 0.05511811023622047 0.057971014492753624
5346.0 GOODS-N 2.3363 0.48120347411894354 0.08204415737952449 5.0 5.0 5.0 5.0 0.0 0.0 0.0 0.14285714285714285 0.21428571428571427 0.125 0.12280701754385964 0.08088235294117647 0.08235294117647059
5371.0 GOODS-N 2.2169 0.4251644975223686 -2.5459585860900216 5.0 5.0 5.0 0.0 0.0 0.0 0.0 0.0 0.06666666666666667 0.08333333333333333 0.0684931506849315 0.05921052631578947 0.06060606060606061
5507.0 GOODS-N 2.2973 0.8667973714212897 0.12393500018187639 5.0 5.0 5.0 0.0 0.0 0.0 0.1111111111111111 0.09090909090909091 0.10526315789473684 0.10810810810810811 0.12857142857142856 0.08441558441558442 0.08088235294117647
5677.0 GOODS-N 2.1426 0.5660483748241496 0.8415176842323392 5.0 5.0 5.0 5.0 5.0 5.0 0.0 0.0 0.0 0.0 0.022727272727272728 0.03333333333333333 0.045454545454545456
5932.0 GOODS-N 1.8962 0.7056641215532989 0.2699539323946091 5.0 5.0 5.0 5.0 5.0 5.0 5.0 0.0 0.0 0.0 0.09375 0.06329113924050633 0.07352941176470588
6215.0 GOODS-N 2.2727 0.7530950683229455 1.4821385940314653 0.0 0.0 0.0 0.0 0.0 0.0 0.0 0.0 0.0 0.047619047619047616 0.0851063829787234 0.06666666666666667 0.07027027027027027
6789.0 GOODS-N 2.2157 0.5729466330754345 0.5214764685896023 5.0 5.0 5.0 5.0 5.0 0.0 0.0 0.0 0.0 0.0 0.05357142857142857 0.047619047619047616 0.06542056074766354
6877.0 GOODS-N 2.0937 0.5580382951407895 0.9300675784679011 5.0 5.0 5.0 5.0 5.0 0.0 0.0 0.0 0.0 0.037037037037037035 0.05660377358490566 0.06060606060606061 0.08163265306122448
7372.0 GOODS-N 1.3549 0.7840779758156351 1.0481207176561573 5.0 5.0 0.0 0.0 0.0 0.25 0.25 0.2 0.14285714285714285 0.08333333333333333 0.06060606060606061 0.046153846153846156 0.047619047619047616
8713.0 GOODS-N 0.8822 0.5137251970747784 0.30547998615366245 5.0 5.0 5.0 5.0 5.0 5.0 0.5 0.07692307692307693 0.14285714285714285 0.1 0.1111111111111111 0.0933852140077821 0.09848484848484848
9056.0 GOODS-N 1.0825 0.5377276168392399 0.9997393981057145 5.0 5.0 5.0 5.0 5.0 0.0 0.0 0.0 0.0 0.05555555555555555 0.08888888888888889 0.07738095238095238 0.07377049180327869
9122.0 GOODS-N 2.2542 0.7274784619476292 0.380179768955323 5.0 5.0 5.0 5.0 5.0 5.0 1.0 0.16666666666666666 0.2 0.1282051282051282 0.07792207792207792 0.08176100628930817 0.0670926517571885
9441.0 GOODS-N 0.8715 0.7934079000670942 -2.2581103272974605 5.0 5.0 0.0 0.0 0.0 0.0 0.0 0.15384615384615385 0.125 0.13333333333333333 0.10227272727272728 0.09947643979057591 0.10966057441253264
9623.0 GOODS-N 0.988 0.8548096500881347 1.2882239896609307 5.0 5.0 0.0 0.0 0.5 0.25 0.09090909090909091 0.10714285714285714 0.1 0.07792207792207792 0.08396946564885496 0.07216494845360824 0.07531380753138076
9692.0 GOODS-N 1.6764 -0.0038462144291028346 2.9934003154409377 5.0 5.0 5.0 5.0 0.0 0.0 0.0 0.1 0.21428571428571427 0.20588235294117646 0.1323529411764706 0.13793103448275862 0.10256410256410256
10125.0 GOODS-N 2.4511 0.7334072734254725 1.2125248882060902 5.0 5.0 5.0 5.0 5.0 5.0 5.0 0.3333333333333333 0.07142857142857142 0.09090909090909091 0.08333333333333333 0.07291666666666667 0.0963302752293578
10280.0 GOODS-N 1.1114 0.4853396996881941 0.4695738361272287 5.0 5.0 5.0 0.0 0.0 0.0 0.0 0.0 0.05263157894736842 0.08571428571428572 0.09333333333333334 0.08571428571428572 0.08536585365853659
10311.0 GOODS-N 1.5551 0.773261484800353 0.5968018975960534 5.0 5.0 5.0 0.0 0.0 0.0 0.0 0.16666666666666666 0.16666666666666666 0.07692307692307693 0.037037037037037035 0.06369426751592357 0.07167235494880546
10606.0 GOODS-N 1.3668 0.5112078922247534 0.30217280303346367 5.0 5.0 5.0 5.0 5.0 5.0 0.0 0.0 0.0 0.0 0.08 0.049019607843137254 0.04878048780487805
10657.0 GOODS-N 2.2192 0.5143583609302006 0.4650988617968278 5.0 5.0 5.0 5.0 5.0 5.0 5.0 0.0 0.16666666666666666 0.14285714285714285 0.08641975308641975 0.08024691358024691 0.059375
11064.0 GOODS-N 2.1093 1.1392031930698985 1.7521586107610878 5.0 5.0 5.0 5.0 5.0 5.0 5.0 0.0 0.0 0.0 0.03508771929824561 0.05454545454545454 0.06521739130434782
11706.0 GOODS-N 1.2313 0.8110586147032051 0.1779853787977161 5.0 5.0 5.0 0.0 0.0 0.0 0.0 0.0 0.16666666666666666 0.09375 0.10638297872340426 0.08411214953271028 0.09053497942386832
11826.0 GOODS-N 1.3337 1.2433564548311182 -0.7475941989761915 5.0 5.0 5.0 5.0 0.0 0.0 0.0 0.0 0.0 0.0 0.046511627906976744 0.05 0.04093567251461988
11932.0 GOODS-N 0.8517 0.6024698024180732 0.7140326488847136 5.0 5.0 5.0 5.0 5.0 0.0 0.0 0.1 0.038461538461538464 0.12280701754385964 0.08396946564885496 0.1069364161849711 0.10059171597633136
12066.0 GOODS-N 2.2639 2.170373415604456 0.7640704637268657 5.0 0.0 0.0 0.0 0.0 0.0 0.0 0.07692307692307693 0.03571428571428571 0.06 0.0375 0.07482993197278912 0.084375
12302.0 GOODS-N 2.1946 0.9748384615475163 3.101673531798737 0.0 0.0 0.0 0.3333333333333333 0.3333333333333333 0.2 0.2 0.2857142857142857 0.125 0.10526315789473684 0.0821917808219178 0.08208955223880597 0.0695364238410596
12342.0 GOODS-N 1.0363 0.5694697750042974 0.3086738559197953 5.0 5.0 5.0 0.0 0.0 0.0 0.0 0.0 0.0 0.0 0.06896551724137931 0.06372549019607843 0.06402439024390244
12343.0 GOODS-N 0.6562 1.2696307075838866 0.38413768965645534 5.0 5.0 5.0 5.0 5.0 5.0 0.0 0.0 0.0 0.1111111111111111 0.08928571428571429 0.09859154929577464 0.10362694300518134
12561.0 GOODS-N 1.0265 1.0386030720879198 1.3991936523511388 5.0 0.0 0.0 0.0 0.0 0.0 0.0 0.0 0.0 0.07407407407407407 0.08163265306122448 0.056910569105691054 0.07421875
13530.0 GOODS-N 0.8473 0.7012279535912982 0.16901415817755566 5.0 5.0 5.0 5.0 0.0 0.0 0.0 0.0 0.15384615384615385 0.1 0.10204081632653061 0.09289617486338798 0.09898477157360407
13971.0 GOODS-N 0.9992 0.5499613818254625 -1.397886042222721 5.0 5.0 5.0 5.0 5.0 0.5 0.3333333333333333 0.2 0.1875 0.07692307692307693 0.07920792079207921 0.08379888268156424 0.07277628032345014
14140.0 GOODS-N 1.694 0.5357482864741024 -0.9754065603903855 5.0 5.0 5.0 5.0 0.0 0.0 0.14285714285714285 0.25 0.16666666666666666 0.13793103448275862 0.11940298507462686 0.07909604519774012 0.1016949152542373
14532.0 GOODS-N 1.6131 0.7208994162918524 0.14118226937696582 5.0 5.0 0.0 0.0 0.0 0.0 0.0 0.0 0.09090909090909091 0.16 0.11764705882352941 0.10377358490566038 0.09803921568627451
15872.0 GOODS-N 0.9526 0.8363125995533837 0.6677566900790439 5.0 5.0 5.0 5.0 0.0 0.0 0.0 0.0 0.0 0.09375 0.10256410256410256 0.0963855421686747 0.07692307692307693
16129.0 GOODS-N 2.192 0.578848936443597 -0.02086306399568512 5.0 5.0 5.0 5.0 5.0 5.0 1.0 0.3333333333333333 0.125 0.09523809523809523 0.03571428571428571 0.061224489795918366 0.07380073800738007
16827.0 GOODS-N 1.9664 0.2628665616644783 -1.3098277445289392 5.0 5.0 5.0 0.0 0.0 0.0 0.0 0.25 0.3333333333333333 0.2 0.2037037037037037 0.11666666666666667 0.11688311688311688
16879.0 GOODS-N 2.2872 0.866243226373584 0.9297138295482765 5.0 5.0 5.0 5.0 5.0 5.0 5.0 0.0 0.0 0.0 0.07017543859649122 0.08333333333333333 0.0708215297450425
17270.0 GOODS-N 1.1839 0.9234595947375134 0.987547018630523 5.0 5.0 5.0 5.0 5.0 0.0 0.0 0.0 0.0 0.07142857142857142 0.05714285714285714 0.08 0.0670391061452514
17952.0 GOODS-N 0.8322 0.7584785265848171 0.15385246791448026 5.0 5.0 5.0 0.0 0.0 0.0 0.0 0.1111111111111111 0.09523809523809523 0.09090909090909091 0.0967741935483871 0.10559006211180125 0.10540540540540541
18633.0 GOODS-N 1.6522 0.9537950200122205 0.5932220078628352 5.0 5.0 5.0 5.0 5.0 0.0 0.0 0.25 0.15789473684210525 0.16666666666666666 0.136986301369863 0.10059171597633136 0.11627906976744186
18879.0 GOODS-N 0.9511 0.6855265501428445 0.37719083400030695 5.0 5.0 5.0 5.0 5.0 0.0 0.0 0.0 0.0 0.07692307692307693 0.07954545454545454 0.09090909090909091 0.07588075880758807
19082.0 GOODS-N 2.4296 0.5351748978593711 3.09039188785515 5.0 5.0 5.0 5.0 5.0 5.0 0.0 0.0 0.0 0.0 0.034482758620689655 0.08609271523178808 0.09125475285171103
19290.0 GOODS-N 0.6655 1.001555133280715 0.5198407050485463 5.0 5.0 5.0 5.0 5.0 1.0 0.5 0.25 0.2857142857142857 0.21428571428571427 0.16666666666666666 0.13274336283185842 0.11386138613861387
19680.0 GOODS-N 0.9629 0.22964990278685568 1.0995882515139679 5.0 5.0 5.0 5.0 5.0 5.0 0.5 0.2 0.18181818181818182 0.08 0.10869565217391304 0.07352941176470588 0.07397260273972603
19913.0 GOODS-N 1.9111 1.6413448452997432 1.7959867051301235 5.0 5.0 5.0 0.0 0.0 0.0 0.0 0.0 0.0 0.05555555555555555 0.12195121951219512 0.09803921568627451 0.07537688442211055
20052.0 GOODS-N 2.3802 0.45029273141607495 0.4973919990221273 5.0 5.0 5.0 5.0 5.0 5.0 0.0 0.0 0.0 0.04 0.02857142857142857 0.06417112299465241 0.0880503144654088
20317.0 GOODS-N 2.4658 0.5193200190087841 -0.1578184457210089 5.0 5.0 5.0 5.0 5.0 5.0 5.0 0.0 0.1111111111111111 0.034482758620689655 0.06349206349206349 0.08547008547008547 0.08780487804878048
20538.0 GOODS-N 0.6328 0.21164561621590344 -0.19212414356040008 5.0 5.0 5.0 0.0 0.0 0.0 0.1111111111111111 0.08333333333333333 0.058823529411764705 0.125 0.12280701754385964 0.10569105691056911 0.09424083769633508
20709.0 GOODS-N 1.8006 0.49023810848250354 0.20765572539413343 5.0 5.0 5.0 5.0 5.0 5.0 0.0 0.0 0.0 0.11764705882352941 0.16666666666666666 0.13186813186813187 0.10204081632653061
21156.0 GOODS-N 1.1951 1.0132092878592904 0.7020488160007887 5.0 5.0 5.0 5.0 5.0 5.0 0.0 0.0 0.0 0.0 0.056338028169014086 0.0851063829787234 0.07712765957446809
21618.0 GOODS-N 0.8046 0.6342419324116788 0.18596291248233987 5.0 5.0 5.0 5.0 5.0 0.0 0.0 0.14285714285714285 0.11538461538461539 0.14705882352941177 0.13793103448275862 0.11961722488038277 0.10462287104622871
21683.0 GOODS-N 0.6606 0.12914421547681232 2.8510807459113714 5.0 5.0 5.0 5.0 5.0 5.0 5.0 0.0 0.6 0.2857142857142857 0.1590909090909091 0.15 0.11235955056179775
21700.0 GOODS-N 0.565 1.2874421343276348 -0.14714086420118816 5.0 5.0 0.0 0.0 0.0 0.0 0.0 0.0 0.0 0.05 0.12121212121212122 0.11428571428571428 0.12244897959183673
21738.0 GOODS-N 2.0685 0.8958521475750327 0.7572121747277162 5.0 5.0 5.0 5.0 5.0 0.0 0.0 0.3333333333333333 0.3333333333333333 0.23529411764705882 0.18421052631578946 0.12149532710280374 0.08424908424908426
22184.0 GOODS-N 0.6746 0.9390880462327477 0.47224306649770154 5.0 5.0 5.0 0.0 0.0 0.0 0.1111111111111111 0.06666666666666667 0.05 0.1111111111111111 0.14516129032258066 0.11304347826086956 0.12307692307692308
23018.0 GOODS-N 2.0784 0.42789217569958604 0.14314549142505464 5.0 5.0 5.0 5.0 5.0 5.0 0.0 0.0 0.5 0.15384615384615385 0.2647058823529412 0.11347517730496454 0.09225092250922509
23564.0 GOODS-N 1.2713 0.04628553577737611 0.9515559190165223 5.0 5.0 5.0 5.0 5.0 0.0 0.0 0.0 0.0 0.047619047619047616 0.10909090909090909 0.11627906976744186 0.08333333333333333
24107.0 GOODS-N 0.8522 0.6287689633873577 0.40105034109064985 5.0 5.0 5.0 0.0 0.25 0.1111111111111111 0.3076923076923077 0.25 0.17543859649122806 0.16049382716049382 0.12244897959183673 0.1003584229390681 0.09328358208955224
25216.0 GOODS-N 1.142 0.5530297619369013 0.7441853606948855 5.0 5.0 5.0 0.0 0.0 0.3333333333333333 0.3333333333333333 0.125 0.0625 0.13953488372093023 0.10526315789473684 0.08759124087591241 0.08835341365461848
25265.0 GOODS-N 1.5211 0.3126779989877232 -5.2525103608900094 5.0 5.0 5.0 5.0 5.0 0.0 0.0 0.5 0.18181818181818182 0.08695652173913043 0.12962962962962962 0.10909090909090909 0.06666666666666667
25340.0 GOODS-N 0.8784 1.006072977893544 1.6614653175691791 5.0 5.0 0.0 0.0 0.4 0.2 0.25 0.19444444444444445 0.17857142857142858 0.13414634146341464 0.1118421052631579 0.10238907849829351 0.09532062391681109
25813.0 GOODS-N 1.1975 -0.0 -0.0 5.0 5.0 5.0 5.0 5.0 5.0 5.0 0.0 0.1 0.06896551724137931 0.06493506493506493 0.09 0.07920792079207921
25942.0 GOODS-N 2.2508 0.6426490754975555 0.8251897086800875 5.0 5.0 5.0 5.0 1.0 0.5 0.3333333333333333 0.09090909090909091 0.17647058823529413 0.21212121212121213 0.1206896551724138 0.1 0.08585858585858586
26239.0 GOODS-N 0.8398 1.4386504174056247 0.959566465609365 0.0 0.0 0.0 0.0 0.0 0.2222222222222222 0.21428571428571427 0.23333333333333334 0.21951219512195122 0.11688311688311688 0.11363636363636363 0.0916030534351145 0.09917355371900827
26529.0 GOODS-N 2.4682 0.3129522114503844 0.25235026192470444 5.0 5.0 5.0 5.0 5.0 5.0 0.0 0.25 0.2 0.16666666666666666 0.14285714285714285 0.109375 0.09022556390977443
26888.0 GOODS-N 2.1456 1.0869753651289018 -0.12259375962273367 5.0 5.0 5.0 0.0 0.0 0.0 0.0 0.0 0.0 0.0 0.06451612903225806 0.06329113924050633 0.07462686567164178
28810.0 GOODS-N 2.3058 0.1286279288319814 0.08131653298915688 5.0 5.0 5.0 5.0 5.0 5.0 5.0 0.0 0.0 0.0 0.047619047619047616 0.06862745098039216 0.07818930041152264
29183.0 GOODS-N 0.8948 0.49984658822914174 -0.13864868190143884 5.0 5.0 5.0 5.0 5.0 0.0 0.0 0.0 0.0 0.07142857142857142 0.07792207792207792 0.08653846153846154 0.08986615678776291
29405.0 GOODS-N 0.868 -0.00906552840783489 -0.05416630693589196 5.0 5.0 5.0 5.0 5.0 5.0 0.0 0.0 0.0 0.0 0.07608695652173914 0.06763285024154589 0.1
29464.0 GOODS-N 1.8604 0.7683644906951632 -0.17735955919497354 5.0 5.0 5.0 5.0 5.0 5.0 5.0 0.0 0.0 0.07692307692307693 0.05405405405405406 0.06666666666666667 0.10365853658536585
30283.0 GOODS-N 2.0997 0.754458160171607 0.8892531369749269 5.0 5.0 5.0 5.0 5.0 5.0 5.0 0.2857142857142857 0.16666666666666666 0.05714285714285714 0.08571428571428572 0.0967741935483871 0.1375
30296.0 GOODS-N 0.6352 -0.5577776503027002 -2.476184969829785 5.0 5.0 5.0 5.0 0.0 0.0 0.0 0.3333333333333333 0.23076923076923078 0.16666666666666666 0.1509433962264151 0.14423076923076922 0.105
31333.0 GOODS-N 0.8583 1.117528835889758 0.7086012429659936 5.0 5.0 5.0 5.0 5.0 5.0 5.0 0.0 0.09090909090909091 0.03571428571428571 0.1095890410958904 0.06666666666666667 0.09917355371900827
31996.0 GOODS-N 0.5324 2.1085992661299606 1.3519261770247912 5.0 5.0 5.0 5.0 0.0 0.0 0.0 0.0 0.0 0.1 0.06 0.08461538461538462 0.09486166007905138
32002.0 GOODS-N 2.12 0.6053700978865832 1.1697093719785043 5.0 5.0 5.0 5.0 5.0 5.0 0.0 0.0 0.0 0.0 0.0 0.05357142857142857 0.08888888888888889
32033.0 GOODS-N 2.2356 -0.030019376857146986 -0.19336230785140696 5.0 5.0 5.0 5.0 0.0 0.0 0.0 0.5 0.18181818181818182 0.07142857142857142 0.1 0.1 0.07196969696969698
32146.0 GOODS-N 0.6695 2.0850272482272634 -7.219273133323787 5.0 5.0 5.0 5.0 5.0 5.0 0.0 0.14285714285714285 0.14285714285714285 0.15789473684210525 0.16666666666666666 0.11363636363636363 0.1111111111111111
32162.0 GOODS-N 1.2623 0.7685558650273472 0.6850265385942622 5.0 5.0 5.0 5.0 5.0 5.0 0.0 0.0 0.0 0.045454545454545456 0.044444444444444446 0.07339449541284404 0.08130081300813008
32842.0 GOODS-N 1.6973 0.899733678939555 0.467185372349721 5.0 5.0 5.0 5.0 5.0 5.0 0.0 0.0 0.09090909090909091 0.034482758620689655 0.06349206349206349 0.08759124087591241 0.10943396226415095
33780.0 GOODS-N 1.8585 0.6668310934002455 0.4235381980244668 5.0 5.0 5.0 5.0 5.0 5.0 0.0 0.0 0.0 0.0 0.038461538461538464 0.07462686567164178 0.0896551724137931
34358.0 GOODS-N 0.8316 0.7939528669517999 0.17933745536280857 5.0 5.0 5.0 5.0 5.0 5.0 0.0 0.0 0.14285714285714285 0.0625 0.1323529411764706 0.10810810810810811 0.09508196721311475
35090.0 GOODS-N 0.9635 0.26505938539146184 0.9289425166101646 5.0 5.0 0.0 0.0 0.25 0.2 0.25 0.14285714285714285 0.1 0.09615384615384616 0.0989010989010989 0.06857142857142857 0.07267441860465117
35292.0 GOODS-N 1.8764 0.6282972671561822 -0.8560609498165066 5.0 5.0 5.0 5.0 5.0 5.0 5.0 5.0 0.0 0.1111111111111111 0.06666666666666667 0.08888888888888889 0.07377049180327869
35299.0 GOODS-N 1.0516 1.0434481839855223 1.2026674485435491 5.0 5.0 5.0 5.0 5.0 5.0 5.0 0.0 0.0 0.07142857142857142 0.08333333333333333 0.07633587786259542 0.07983193277310924
2383.0 GOODS-S 1.6699 0.22290429808141077 -0.19657570930306573 5.0 5.0 0.0 0.0 0.0 0.0 0.0 0.0 0.1 0.1 0.15217391304347827 0.12 0.09142857142857143
2467.0 GOODS-S 2.2351 0.5158657680062693 1.7999985846840807 5.0 5.0 5.0 5.0 5.0 5.0 5.0 0.0 0.0 0.0 0.08823529411764706 0.078125 0.08633093525179857
2546.0 GOODS-S 0.6637 1.0540351326617035 0.21486287695360357 5.0 5.0 5.0 5.0 5.0 5.0 0.0 0.0 0.18181818181818182 0.09523809523809523 0.11904761904761904 0.09821428571428571 0.10775862068965517
2707.0 GOODS-S 1.3531 2.302376874340465 0.6804412982551422 5.0 5.0 5.0 1.0 1.0 1.0 1.0 0.6666666666666666 0.13333333333333333 0.14814814814814814 0.1276595744680851 0.1 0.09424083769633508
2841.0 GOODS-S 0.9514 0.3296161062396618 1.6534911612929413 5.0 0.0 0.0 0.0 0.0 0.0 0.0 0.0 0.0 0.038461538461538464 0.07142857142857142 0.05813953488372093 0.04516129032258064
3860.0 GOODS-S 0.9298 1.0386559998198068 1.0071860272980908 5.0 5.0 5.0 5.0 5.0 5.0 0.0 0.0 0.0 0.047619047619047616 0.03636363636363636 0.020833333333333332 0.027777777777777776
4210.0 GOODS-S 1.1336 0.4292405055823033 -1.397581570205405 5.0 5.0 5.0 5.0 5.0 0.0 0.0 0.1111111111111111 0.058823529411764705 0.14705882352941177 0.09090909090909091 0.0958904109589041 0.08974358974358974
4505.0 GOODS-S 1.9381 1.0471503754318439 0.2504020333280395 5.0 5.0 5.0 5.0 5.0 0.0 0.0 0.0 0.0 0.0 0.0 0.10144927536231885 0.09027777777777778
4583.0 GOODS-S 2.3119 2.0450253066700865 1.3277774116761054 5.0 5.0 5.0 5.0 5.0 5.0 5.0 5.0 0.0 0.0 0.07692307692307693 0.09195402298850575 0.08379888268156424
6098.0 GOODS-S 1.1327 0.23356540349033564 2.011668096068147 5.0 5.0 5.0 0.0 0.0 0.25 0.3333333333333333 0.2727272727272727 0.26666666666666666 0.1276595744680851 0.10126582278481013 0.09219858156028368 0.08906882591093117
6106.0 GOODS-S 1.1079 0.6670507379884977 0.24310961930530064 5.0 5.0 5.0 0.0 0.0 0.0 0.09090909090909091 0.058823529411764705 0.05 0.10526315789473684 0.1267605633802817 0.09166666666666666 0.08
7457.0 GOODS-S 1.6841 1.102920640526097 1.4247946914036187 5.0 5.0 5.0 5.0 5.0 1.0 0.3333333333333333 0.14285714285714285 0.1111111111111111 0.15789473684210525 0.125 0.09022556390977443 0.09691629955947137
7503.0 GOODS-S 1.1104 0.54370566800418 0.34020106932103134 5.0 0.0 0.0 0.0 0.0 0.0 0.16666666666666666 0.0625 0.13043478260869565 0.08888888888888889 0.11842105263157894 0.08333333333333333 0.07661290322580645
7686.0 GOODS-S 2.3688 1.546582783374081 1.2231630669841145 5.0 5.0 5.0 5.0 0.0 0.0 0.0 0.0 0.0 0.05 0.09375 0.07462686567164178 0.09740259740259741
8097.0 GOODS-S 0.7809 0.7133577728389368 -0.5590332515014955 0.0 0.0 0.0 0.0 0.0 0.0 0.0 0.0 0.0 0.08695652173913043 0.09803921568627451 0.09433962264150944 0.06818181818181818
8422.0 GOODS-S 1.6747 1.415411444332131 0.9653772538794282 5.0 5.0 5.0 0.0 0.0 0.0 0.0 0.2 0.08333333333333333 0.09090909090909091 0.0625 0.09302325581395349 0.09375
8683.0 GOODS-S 2.2201 0.6428385798462797 -1.2841924417685817 5.0 5.0 5.0 5.0 0.0 0.0 0.0 0.0 0.0 0.15 0.11764705882352941 0.0975609756097561 0.09289617486338798
10436.0 GOODS-S 1.749 -0.0 -0.0 5.0 5.0 5.0 0.0 0.0 0.0 0.0 0.0 0.14285714285714285 0.12 0.078125 0.11206896551724138 0.09274193548387097
11016.0 GOODS-S 2.0799 0.4660828369087014 0.07825630387523858 5.0 5.0 5.0 5.0 0.0 0.0 0.0 0.125 0.08333333333333333 0.125 0.057692307692307696 0.09 0.0898876404494382
12358.0 GOODS-S 0.7301 1.205833578266591 1.33591381710364 5.0 5.0 0.0 0.3333333333333333 0.25 0.2 0.125 0.16666666666666666 0.25 0.17391304347826086 0.16161616161616163 0.11764705882352941 0.09970674486803519
13369.0 GOODS-S 1.9888 0.6843884049284205 -0.5516363674050808 5.0 5.0 5.0 5.0 5.0 0.0 0.0 0.0 0.0 0.05 0.06818181818181818 0.08064516129032258 0.09045226130653267
13628.0 GOODS-S 1.7074 0.5063441660571157 0.49681125717630004 5.0 5.0 5.0 0.0 0.3333333333333333 0.3333333333333333 0.3333333333333333 0.2857142857142857 0.13333333333333333 0.14285714285714285 0.08333333333333333 0.09401709401709402 0.07563025210084033
14152.0 GOODS-S 1.6907 0.8317832634852009 -0.20927722031992083 5.0 5.0 5.0 0.0 0.0 0.0 0.0 0.0 0.0 0.06060606060606061 0.08695652173913043 0.08904109589041095 0.08870967741935484
14335.0 GOODS-S 1.8359 0.8571301794593861 0.3519273108307789 5.0 5.0 5.0 5.0 5.0 0.0 0.0 0.0 0.0 0.21052631578947367 0.13636363636363635 0.09090909090909091 0.06403940886699508
14747.0 GOODS-S 1.9601 0.8078301046675282 0.5496967483532557 5.0 5.0 5.0 5.0 5.0 5.0 0.0 0.0 0.0 0.09090909090909091 0.12962962962962962 0.07766990291262135 0.07303370786516854
14813.0 GOODS-S 1.9987 0.7150245919002464 0.03740760138792429 5.0 5.0 5.0 5.0 5.0 5.0 0.0 0.0 0.0 0.0 0.06818181818181818 0.07964601769911504 0.08762886597938144
15214.0 GOODS-S 1.7227 1.032491747577339 0.45697373212136844 5.0 5.0 5.0 5.0 5.0 0.0 0.0 0.0 0.0 0.0 0.04 0.08208955223880597 0.07092198581560284
15847.0 GOODS-S 2.3188 0.22843751470343038 0.5940899193135846 5.0 5.0 5.0 5.0 5.0 0.0 0.0 0.5 0.3333333333333333 0.1 0.06521739130434782 0.06060606060606061 0.07037037037037037
16716.0 GOODS-S 0.6611 0.48045910554681776 0.4524690249512685 5.0 5.0 5.0 0.5 0.3333333333333333 0.14285714285714285 0.1 0.058823529411764705 0.04 0.09433962264150944 0.08108108108108109 0.10471204188481675 0.09734513274336283
16769.0 GOODS-S 1.6296 0.8624326933510289 0.6401770760955114 5.0 5.0 5.0 5.0 5.0 5.0 0.0 0.0 0.0 0.05555555555555555 0.12244897959183673 0.09027777777777778 0.0755813953488372
16814.0 GOODS-S 1.8132 0.5363680460358263 -0.6234346659410565 5.0 5.0 5.0 5.0 5.0 5.0 0.0 0.0 0.0 0.13333333333333333 0.13043478260869565 0.09345794392523364 0.06280193236714976
16888.0 GOODS-S 2.4618 0.6170432887462256 0.2546942188376963 5.0 5.0 5.0 5.0 5.0 5.0 1.0 0.3333333333333333 0.16666666666666666 0.058823529411764705 0.08 0.06796116504854369 0.08108108108108109
17212.0 GOODS-S 0.6297 0.10239427465050398 0.06517014601861261 5.0 5.0 5.0 1.0 0.5 0.5 0.16666666666666666 0.125 0.2 0.06666666666666667 0.13761467889908258 0.10328638497652583 0.09345794392523364
19148.0 GOODS-S 0.9673 0.43221561626874205 -0.6793790587007676 5.0 5.0 5.0 5.0 5.0 5.0 0.0 0.0 0.0 0.13333333333333333 0.04878048780487805 0.08035714285714286 0.0798611111111111
19186.0 GOODS-S 1.1071 2.2188844629755438 0.1206484239053582 5.0 5.0 5.0 5.0 0.0 0.0 0.0 0.0 0.0 0.0 0.0 0.08648648648648649 0.07608695652173914
20496.0 GOODS-S 0.6927 0.8728879419808753 0.25951326805010233 5.0 5.0 5.0 5.0 0.0 0.0 0.0 0.16666666666666666 0.058823529411764705 0.09836065573770492 0.10526315789473684 0.09811320754716982 0.0971563981042654
21832.0 GOODS-S 0.5493 0.520100130799309 -0.2508318263198912 5.0 5.0 5.0 5.0 5.0 0.0 0.0 0.0 0.0 0.08333333333333333 0.07317073170731707 0.09345794392523364 0.08771929824561403
21893.0 GOODS-S 2.3875 1.1048387084460152 0.7006923732210347 5.0 5.0 5.0 5.0 5.0 5.0 0.0 0.0 0.0 0.05263157894736842 0.09302325581395349 0.07758620689655173 0.07326007326007326
22079.0 GOODS-S 2.1714 0.24266327926124207 0.4882485119514184 5.0 5.0 5.0 5.0 5.0 0.0 0.0 0.0 0.0 0.037037037037037035 0.04918032786885246 0.07936507936507936 0.08741258741258741
22825.0 GOODS-S 2.4819 0.702368632073538 0.6208298242562461 5.0 5.0 5.0 5.0 0.0 0.0 0.0 0.0 0.07692307692307693 0.12 0.1111111111111111 0.07741935483870968 0.0634441087613293
24308.0 GOODS-S 1.7172 0.6062587727155659 0.3224513141296256 5.0 5.0 5.0 0.0 0.5 0.5 0.3333333333333333 0.25 0.09090909090909091 0.06060606060606061 0.07272727272727272 0.05982905982905983 0.05241935483870968
24622.0 GOODS-S 0.6777 1.0739273794544526 0.9355285669567891 5.0 5.0 0.0 0.0 0.0 0.0 0.0 0.25 0.3125 0.14705882352941177 0.10465116279069768 0.09606986899563319 0.0891089108910891
24878.0 GOODS-S 0.7496 0.59293411470466 0.21664900167432652 5.0 0.0 0.0 0.0 0.0 0.0 0.0 0.03333333333333333 0.02564102564102564 0.016666666666666666 0.05263157894736842 0.08333333333333333 0.09644670050761421
26138.0 GOODS-S 0.7402 0.3733630795138394 -8.774997488513524 0.0 0.0 0.0 0.0 0.0 0.0 0.058823529411764705 0.03333333333333333 0.02631578947368421 0.016129032258064516 0.05303030303030303 0.09236947791164658 0.09925558312655088
26139.0 GOODS-S 1.58 0.7399661076568793 0.5574151017915059 5.0 5.0 5.0 5.0 1.0 1.0 0.5 0.5 0.3333333333333333 0.13333333333333333 0.05660377358490566 0.054878048780487805 0.08285714285714285
27881.0 GOODS-S 1.8838 0.39305159222757396 -0.6403159626032316 5.0 5.0 5.0 5.0 5.0 0.0 0.0 0.0 0.07142857142857142 0.07692307692307693 0.05660377358490566 0.05555555555555555 0.06060606060606061
27969.0 GOODS-S 0.6614 0.48252729800504846 -6.135020370905659 5.0 5.0 5.0 5.0 5.0 0.0 0.0 0.0 0.029411764705882353 0.030303030303030304 0.05755395683453238 0.09885931558935361 0.09836065573770492
29288.0 GOODS-S 2.2454 0.5499047429295928 -0.3705577453793334 5.0 5.0 5.0 5.0 5.0 0.0 0.0 0.0 0.07692307692307693 0.09523809523809523 0.08196721311475409 0.06535947712418301 0.0708955223880597
29407.0 GOODS-S 1.5937 0.8645912175332942 0.48120155466651193 5.0 5.0 5.0 0.0 0.0 0.0 0.16666666666666666 0.1 0.13333333333333333 0.10344827586206896 0.06382978723404255 0.061068702290076333 0.06463878326996197
29652.0 GOODS-S 1.6143 0.12383992334116563 -1.9437031407890109 5.0 5.0 0.0 0.3333333333333333 0.25 0.25 0.125 0.16666666666666666 0.1111111111111111 0.07692307692307693 0.04081632653061224 0.056910569105691054 0.05639097744360902
29900.0 GOODS-S 1.6184 0.7293817759364141 0.367215744334085 5.0 5.0 5.0 0.0 0.0 0.25 0.1111111111111111 0.09090909090909091 0.125 0.06896551724137931 0.038461538461538464 0.05426356589147287 0.055970149253731345
29928.0 GOODS-S 1.089 0.379858823873665 -0.07054851793615485 5.0 5.0 5.0 0.0 0.0 0.0 0.0 0.0 0.0 0.02702702702702703 0.05333333333333334 0.08333333333333333 0.08064516129032258
30274.0 GOODS-S 2.2367 1.1622942727511614 0.4531825712404497 5.0 5.0 5.0 5.0 5.0 5.0 0.3333333333333333 0.125 0.06666666666666667 0.03333333333333333 0.027777777777777776 0.05913978494623656 0.08206686930091185
30394.0 GOODS-S 1.3143 1.215208801267522 0.24520072577870267 5.0 5.0 0.0 0.0 0.0 0.0 0.0 0.0 0.0 0.03225806451612903 0.0875 0.09523809523809523 0.08682634730538923
30534.0 GOODS-S 2.0041 0.6048886467286118 0.17862041134619502 5.0 5.0 5.0 5.0 5.0 5.0 5.0 0.0 0.0 0.08333333333333333 0.1388888888888889 0.057692307692307696 0.05825242718446602
30997.0 GOODS-S 1.0033 0.9144134705411916 0.3977919398627667 5.0 5.0 0.0 0.0 0.0 0.0 0.0 0.0 0.11764705882352941 0.09375 0.07042253521126761 0.07329842931937172 0.0830860534124629
31397.0 GOODS-S 1.9311 0.5610223639668779 0.086981855559298 5.0 5.0 5.0 5.0 5.0 5.0 5.0 0.0 0.125 0.14285714285714285 0.10638297872340426 0.06504065040650407 0.06756756756756757
32048.0 GOODS-S 1.8564 0.8079224707765537 0.7879284292395818 5.0 5.0 5.0 5.0 5.0 0.0 0.0 0.0 0.0 0.0 0.015873015873015872 0.03305785123966942 0.06372549019607843
32783.0 GOODS-S 1.88 0.5895440841186126 0.3157244461808941 5.0 5.0 5.0 5.0 5.0 5.0 0.0 0.0 0.0 0.0 0.0 0.03076923076923077 0.06220095693779904
33163.0 GOODS-S 1.2355 0.30732075645828133 0.35787660090374257 5.0 5.0 5.0 0.0 0.0 0.0 0.0 0.0 0.0 0.05714285714285714 0.11494252873563218 0.09375 0.08917197452229299
33164.0 GOODS-S 1.3376 0.917818916293983 0.5047431459566439 5.0 5.0 5.0 5.0 5.0 0.0 0.0 0.16666666666666666 0.07692307692307693 0.125 0.078125 0.08333333333333333 0.07782101167315175
33912.0 GOODS-S 1.6467 1.8602696828113785 1.7314484817782951 5.0 5.0 5.0 5.0 0.0 0.0 0.0 0.1 0.15 0.125 0.10526315789473684 0.06451612903225806 0.056818181818181816
34491.0 GOODS-S 1.608 0.36206490633066934 -0.9929667752767835 5.0 0.0 0.5 0.3333333333333333 0.3333333333333333 0.4 0.4 0.2857142857142857 0.18181818181818182 0.21052631578947367 0.12903225806451613 0.057971014492753624 0.059322033898305086
34519.0 GOODS-S 1.9572 0.8257548365230072 0.689616395746232 5.0 0.0 0.0 0.0 0.0 0.0 0.0 0.0 0.0 0.0 0.058823529411764705 0.044444444444444446 0.06201550387596899
34567.0 GOODS-S 1.7545 0.920413145486267 0.7314149009040725 0.0 0.0 0.0 0.0 0.0 0.0 0.14285714285714285 0.1111111111111111 0.09090909090909091 0.058823529411764705 0.0625 0.04411764705882353 0.06132075471698113
35444.0 GOODS-S 1.4934 1.4241467900256797 1.9436951447039035 5.0 5.0 5.0 5.0 5.0 0.0 0.0 0.0 0.0 0.07692307692307693 0.11538461538461539 0.09482758620689655 0.06572769953051644
36095.0 GOODS-S 1.9576 0.5958808371988116 -6.286171353948466 5.0 5.0 5.0 5.0 5.0 5.0 5.0 0.0 0.3333333333333333 0.08333333333333333 0.08571428571428572 0.075 0.052941176470588235
38092.0 GOODS-S 0.6684 0.7127809021750966 0.41172566649496356 5.0 5.0 5.0 5.0 5.0 5.0 0.0 0.16666666666666666 0.08333333333333333 0.046511627906976744 0.049019607843137254 0.0776255707762557 0.09876543209876543
38786.0 GOODS-S 0.6611 0.739580760643695 0.19487939620722847 5.0 5.0 5.0 5.0 5.0 5.0 0.0 0.0 0.0625 0.06976744186046512 0.042105263157894736 0.0779816513761468 0.10094637223974763
39012.0 GOODS-S 1.6573 0.5229957922243921 -0.2659192915549787 0.0 0.0 0.0 0.0 0.0 0.0 0.0 0.0 0.0 0.0 0.011235955056179775 0.04216867469879518 0.0502092050209205
39208.0 GOODS-S 1.9643 0.8171482623375861 -0.7117541029830712 5.0 5.0 5.0 5.0 5.0 5.0 0.0 0.25 0.16666666666666666 0.07692307692307693 0.047619047619047616 0.08333333333333333 0.051094890510948905
39364.0 GOODS-S 1.697 0.9500031088156695 0.5350932921077511 5.0 5.0 5.0 0.0 0.0 0.0 0.0 0.0 0.0 0.0 0.012345679012345678 0.0392156862745098 0.048672566371681415
39568.0 GOODS-S 2.1861 0.15733164944523026 0.298650149907435 5.0 5.0 5.0 5.0 0.0 0.0 0.0 0.2 0.375 0.16129032258064516 0.11392405063291139 0.0979020979020979 0.0821917808219178
40597.0 GOODS-S 1.2385 0.68192007025477 -0.3169066210867262 5.0 5.0 5.0 0.0 0.0 0.0 0.5 0.25 0.18181818181818182 0.13513513513513514 0.09302325581395349 0.08974358974358974 0.08208955223880597
41148.0 GOODS-S 1.6965 0.5943837285813853 -0.19905669616439103 5.0 5.0 5.0 5.0 5.0 0.0 0.0 0.0 0.0 0.015873015873015872 0.041237113402061855 0.037267080745341616 0.04263565891472868
41181.0 GOODS-S 2.0914 0.09741772731963062 -0.35205789162056467 5.0 5.0 5.0 5.0 5.0 5.0 0.0 0.0 0.0 0.045454545454545456 0.0847457627118644 0.09615384615384616 0.09473684210526316
42113.0 GOODS-S 1.648 0.44377029059426887 0.1975116368798396 0.0 0.0 0.0 0.0 0.0 0.0 0.0 0.0 0.09090909090909091 0.05660377358490566 0.04854368932038835 0.058823529411764705 0.057692307692307696
42501.0 GOODS-S 1.8223 0.09906604211397337 4.037540270005132 5.0 5.0 5.0 5.0 5.0 5.0 0.0 0.0 0.0 0.0 0.08 0.041666666666666664 0.0472972972972973
42607.0 GOODS-S 2.366 0.8176988444202686 0.41076808485614963 5.0 5.0 5.0 5.0 5.0 0.0 0.0 0.0 0.0 0.02127659574468085 0.037037037037037035 0.04964539007092199 0.06451612903225806
42705.0 GOODS-S 1.9749 0.35772749738188975 0.8564990261072268 5.0 5.0 5.0 5.0 0.0 0.0 0.0 0.0 0.0 0.043478260869565216 0.06666666666666667 0.05128205128205128 0.06164383561643835
42957.0 GOODS-S 1.8293 0.3921759330725256 0.4312887520285307 5.0 5.0 5.0 5.0 5.0 0.0 0.0 0.0 0.0 0.0 0.0 0.034482758620689655 0.03896103896103896
43042.0 GOODS-S 1.4271 0.6634908434231561 0.2957698245331837 5.0 5.0 5.0 5.0 5.0 0.0 0.0 0.0 0.0 0.09090909090909091 0.12195121951219512 0.10843373493975904 0.075
12778.0 UDS 1.8125 1.590936856059849 1.762244421541844 5.0 5.0 5.0 5.0 0.0 0.0 0.0 0.0 0.0 0.03125 0.1125 0.14285714285714285 0.14285714285714285
13108.0 UDS 2.1073 1.0529285876303245 1.0157316346839211 5.0 5.0 5.0 5.0 5.0 5.0 0.0 0.0 0.1111111111111111 0.16666666666666666 0.13636363636363635 0.1076923076923077 0.11618257261410789
13526.0 UDS 2.4909 1.5630092366328208 1.9799524812100124 5.0 5.0 5.0 5.0 5.0 5.0 0.0 0.0 0.0 0.0 0.0 0.034482758620689655 0.06077348066298342
13952.0 UDS 2.1183 1.421712780197506 1.6145069035267936 5.0 5.0 5.0 5.0 0.0 0.0 0.0 0.0 0.0 0.05714285714285714 0.10843373493975904 0.11875 0.11940298507462686
14152.0 UDS 1.4208 2.092880675251209 1.3531209809724956 5.0 5.0 1.0 0.5 0.5 0.5 0.3333333333333333 0.36363636363636365 0.2608695652173913 0.2564102564102564 0.18666666666666668 0.1875 0.14782608695652175
14409.0 UDS 2.1679 1.4628022181091973 1.4653766547726481 5.0 5.0 5.0 5.0 5.0 0.0 0.0 0.125 0.07142857142857142 0.13157894736842105 0.10843373493975904 0.125 0.1183206106870229
14723.0 UDS 1.9221 1.6066967738307754 1.5764549425138974 5.0 5.0 5.0 0.0 0.0 0.0 0.0 0.125 0.16666666666666666 0.15384615384615385 0.08196721311475409 0.08 0.08095238095238096
14854.0 UDS 1.2076 1.7165788731634422 1.7233413949467846 5.0 5.0 5.0 5.0 5.0 5.0 5.0 0.0 0.2857142857142857 0.2727272727272727 0.24561403508771928 0.19327731092436976 0.2094240837696335
14996.0 UDS 2.069 1.6245189653322687 1.2307609707903269 5.0 5.0 1.0 1.0 0.5 0.3333333333333333 0.3333333333333333 0.5 0.5 0.32142857142857145 0.19444444444444445 0.14685314685314685 0.14354066985645933
15270.0 UDS 1.8066 1.374512531185512 1.4787658840469866 5.0 5.0 5.0 5.0 5.0 0.3333333333333333 0.16666666666666666 0.125 0.23529411764705882 0.15 0.14563106796116504 0.16129032258064516 0.17679558011049723
15598.0 UDS 2.4129 0.6434091235861493 1.0555558500318305 5.0 5.0 5.0 5.0 5.0 5.0 0.0 0.0 0.09090909090909091 0.13953488372093023 0.0891089108910891 0.10582010582010581 0.08385093167701864
16074.0 UDS 0.6399 2.011571289759551 1.5086596109621073 5.0 5.0 5.0 5.0 0.0 0.0 0.4444444444444444 0.2857142857142857 0.2222222222222222 0.1875 0.37662337662337664 0.3732394366197183 0.47368421052631576
16145.0 UDS 0.6625 1.9807707246487132 1.4589710965248537 5.0 5.0 5.0 5.0 0.6666666666666666 0.5 0.7777777777777778 0.7352941176470589 0.7580645161290323 0.717391304347826 0.5735294117647058 0.4626865671641791 0.446064139941691
16239.0 UDS 1.1919 2.072778358395305 1.5084817305085334 5.0 5.0 5.0 5.0 5.0 5.0 0.0 0.0 0.0 0.15 0.11538461538461539 0.25384615384615383 0.23015873015873015
17327.0 UDS 0.6323 1.9628633250001384 1.398626858239799 1.0 1.0 1.0 1.0 1.0 0.8 0.7894736842105263 0.7777777777777778 0.7464788732394366 0.6893203883495146 0.5510204081632653 0.4511627906976744 0.45027624309392267
17475.0 UDS 0.6414 2.0109343233595127 1.4339812336629842 5.0 5.0 1.0 1.0 1.0 1.0 0.8421052631578947 0.7297297297297297 0.7213114754098361 0.6732673267326733 0.543046357615894 0.4549763033175355 0.447887323943662
17838.0 UDS 2.0078 1.8759743867372132 1.6918146753745036 5.0 5.0 5.0 5.0 5.0 5.0 0.0 0.0 0.0 0.09523809523809523 0.06451612903225806 0.06201550387596899 0.08239700374531835
17879.0 UDS 1.0692 2.005395690115902 1.7225021777856562 0.0 0.0 0.0 0.0 0.0 0.0 0.0 0.0 0.16666666666666666 0.15789473684210525 0.19480519480519481 0.2391304347826087 0.22846441947565543
17913.0 UDS 2.1085 1.8215328480355555 1.6957349800732189 5.0 5.0 5.0 5.0 5.0 5.0 0.0 0.14285714285714285 0.07692307692307693 0.030303030303030304 0.07317073170731707 0.11834319526627218 0.11666666666666667
18619.0 UDS 0.6518 1.9440571670583726 1.453592539106254 5.0 5.0 1.0 1.0 1.0 1.0 0.625 0.6875 0.6875 0.6049382716049383 0.5608108108108109 0.4590909090909091 0.4350453172205438
19003.0 UDS 0.9127 2.0226964154066773 1.4808826615262576 5.0 5.0 5.0 1.0 1.0 0.8333333333333334 0.8333333333333334 0.38461538461538464 0.21875 0.25 0.20634920634920634 0.16230366492146597 0.14545454545454545
19068.0 UDS 2.18 1.6756456369704265 1.6906785193099962 5.0 5.0 5.0 5.0 5.0 5.0 5.0 0.0 0.08333333333333333 0.07692307692307693 0.10714285714285714 0.1164021164021164 0.11746987951807229
19708.0 UDS 1.6303 1.324921312642975 1.0540144700507128 5.0 5.0 5.0 5.0 5.0 1.0 0.5 0.25 0.09090909090909091 0.037037037037037035 0.09090909090909091 0.15151515151515152 0.13501144164759726
19765.0 UDS 1.0632 1.2968953875066436 1.5835742200248404 5.0 5.0 5.0 5.0 5.0 1.0 0.3333333333333333 0.4 0.3076923076923077 0.3333333333333333 0.25 0.22556390977443608 0.21145374449339208
19954.0 UDS 1.2224 1.7619432384402587 1.8038198611541614 5.0 5.0 5.0 5.0 5.0 5.0 5.0 0.3333333333333333 0.14285714285714285 0.20833333333333334 0.16176470588235295 0.15723270440251572 0.144
20694.0 UDS 2.2565 1.4977486579937764 1.987541393714991 5.0 5.0 5.0 5.0 0.0 0.0 0.0 0.0 0.0 0.030303030303030304 0.07792207792207792 0.09004739336492891 0.09968847352024922
20770.0 UDS 2.1049 1.7709542738215853 1.8567463608564534 5.0 5.0 5.0 5.0 5.0 0.0 0.0 0.0 0.07692307692307693 0.20689655172413793 0.12987012987012986 0.11299435028248588 0.125
20917.0 UDS 1.5084 1.4832627014371105 1.3318512842727483 5.0 5.0 1.0 0.3333333333333333 0.4 0.4 0.25 0.2 0.1111111111111111 0.14893617021276595 0.10869565217391304 0.11594202898550725 0.13227513227513227
21031.0 UDS 1.5594 1.8409528639549502 1.5252891603589502 5.0 5.0 0.0 0.0 0.0 0.3333333333333333 0.3333333333333333 0.25 0.375 0.14285714285714285 0.16176470588235295 0.15104166666666666 0.1670886075949367
21513.0 UDS 1.3693 1.880502987475372 1.6419584956924362 5.0 5.0 5.0 5.0 5.0 0.0 0.0 0.125 0.1111111111111111 0.11538461538461539 0.13157894736842105 0.14102564102564102 0.14615384615384616
21533.0 UDS 0.919 1.7000866804096815 1.433461651739094 5.0 5.0 5.0 5.0 5.0 0.0 0.25 0.25 0.3235294117647059 0.2638888888888889 0.23140495867768596 0.1813953488372093 0.15527950310559005
21665.0 UDS 1.9841 1.6694163136936386 1.3626144535195954 5.0 5.0 5.0 5.0 0.0 0.0 0.0 0.0 0.1 0.12 0.08620689655172414 0.09859154929577464 0.07983193277310924
21998.0 UDS 2.1106 1.5896801580337714 1.8277584758607788 5.0 5.0 5.0 5.0 5.0 5.0 5.0 0.0 0.0 0.045454545454545456 0.09803921568627451 0.1 0.10837438423645321
22227.0 UDS 2.3757 1.5282924081243865 1.745345163281086 5.0 5.0 5.0 5.0 5.0 5.0 0.0 0.0 0.0625 0.043478260869565216 0.12745098039215685 0.09523809523809523 0.09337349397590361
22480.0 UDS 1.6014 1.7403157021553486 0.9855176892952257 5.0 5.0 5.0 5.0 5.0 5.0 0.0 0.0 0.25 0.2 0.136986301369863 0.16019417475728157 0.1608910891089109
22685.0 UDS 2.0486 1.5717298020695767 1.7792304881286471 5.0 5.0 5.0 5.0 5.0 5.0 5.0 0.0 0.0 0.037037037037037035 0.09259259259259259 0.13138686131386862 0.11020408163265306
23692.0 UDS 2.1635 1.3417320595339444 1.3412458150802231 5.0 5.0 5.0 0.0 0.0 0.0 0.0 0.0 0.14285714285714285 0.1111111111111111 0.0958904109589041 0.11052631578947368 0.1148036253776435
23701.0 UDS 0.9625 1.9997778590060564 1.4562203527961872 5.0 5.0 5.0 5.0 0.0 0.0 0.0 0.09090909090909091 0.25 0.234375 0.21666666666666667 0.18636363636363637 0.15772870662460567
24953.0 UDS 1.3604 1.6525831958645276 1.1866630775993618 5.0 5.0 5.0 5.0 1.0 0.5 0.16666666666666666 0.2 0.15384615384615385 0.09375 0.18072289156626506 0.14285714285714285 0.1347305389221557
25206.0 UDS 1.9795 2.028200198659855 1.641940146844312 5.0 5.0 5.0 5.0 0.0 0.0 0.0 0.375 0.3888888888888889 0.25 0.2 0.152317880794702 0.13963963963963963
25630.0 UDS 1.7836 1.2425894466014822 1.1477838440131363 5.0 5.0 5.0 5.0 0.0 0.0 0.0 0.16666666666666666 0.07142857142857142 0.16216216216216217 0.16666666666666666 0.18072289156626506 0.1707865168539326
26552.0 UDS 1.1074 2.037797162740006 1.3469962057017661 5.0 5.0 5.0 1.0 1.0 1.0 0.6666666666666666 0.5 0.3333333333333333 0.375 0.29411764705882354 0.28378378378378377 0.25925925925925924
26875.0 UDS 1.4299 1.459600049991002 1.5463420233923186 5.0 5.0 5.0 5.0 5.0 5.0 0.0 0.0 0.08333333333333333 0.07462686567164178 0.09322033898305085 0.13991769547325103 0.14114832535885166
27672.0 UDS 2.0042 2.066502877471514 1.3822281154372056 5.0 5.0 5.0 5.0 0.0 0.0 0.0 0.0 0.1 0.06896551724137931 0.12162162162162163 0.1242603550295858 0.0989010989010989
28087.0 UDS 2.0839 1.4766816425794098 1.4674654849324151 5.0 5.0 5.0 0.0 0.0 0.0 0.0 0.0 0.1875 0.17857142857142858 0.12857142857142856 0.1206896551724138 0.14006514657980457
28773.0 UDS 1.4744 1.4595268412745075 1.3444393663800744 5.0 0.0 0.0 0.0 0.0 0.0 0.0 0.0 0.05 0.17073170731707318 0.1792452830188679 0.12376237623762376 0.14432989690721648
28791.0 UDS 1.8607 1.5917675366717574 1.520629109255436 5.0 5.0 5.0 5.0 5.0 5.0 5.0 0.0 0.0 0.15789473684210525 0.1935483870967742 0.14619883040935672 0.13649025069637882
29461.0 UDS 2.4403 1.5814410642066519 1.8755457203285526 5.0 5.0 5.0 5.0 5.0 5.0 0.0 0.0 0.0 0.02702702702702703 0.06481481481481481 0.07428571428571429 0.07641196013289037
30057.0 UDS 1.0408 2.075516292089683 1.694546593392807 5.0 5.0 5.0 5.0 0.0 0.0 0.0 0.0 0.16666666666666666 0.36 0.28735632183908044 0.25824175824175827 0.21296296296296297
30133.0 UDS 1.8364 1.0291539473052533 1.2300623378364677 5.0 5.0 5.0 0.0 0.0 0.0 0.0 0.0 0.0 0.041666666666666664 0.16279069767441862 0.14838709677419354 0.12601626016260162
30192.0 UDS 1.225 1.9677387977781362 1.6964619651616037 5.0 5.0 5.0 5.0 5.0 5.0 0.0 0.5 0.5 0.2222222222222222 0.22448979591836735 0.20634920634920634 0.17670682730923695
30196.0 UDS 2.4586 1.62861883271628 1.091409447154567 5.0 5.0 5.0 5.0 0.0 0.0 0.0 0.0 0.0 0.0 0.03333333333333333 0.056910569105691054 0.08713692946058091
30255.0 UDS 1.409 1.8396570917660493 1.851171770155363 5.0 5.0 5.0 5.0 5.0 0.0 0.0 0.0 0.10714285714285714 0.0967741935483871 0.1015625 0.12605042016806722 0.13691931540342298
30402.0 UDS 1.36 1.4629637203520576 1.4843480122895536 5.0 5.0 5.0 5.0 5.0 5.0 1.0 0.42857142857142855 0.23529411764705882 0.13793103448275862 0.16091954022988506 0.14691943127962084 0.12806539509536785
