id field z lmass nth
531.0 AEGIS 2.0988 11.14 1.4819101557343295e-06
766.0 AEGIS 1.9801 11.05 4.540793507820334e-05
1420.0 AEGIS 1.873 11.12 2.547967167807713e-06
1606.0 AEGIS 2.4534 11.11 5.829411931221531e-06
2016.0 AEGIS 1.9839 11.0 6.090508677981509e-06
2250.0 AEGIS 1.1862 11.03 2.307179463778613e-05
2289.0 AEGIS 1.6564 11.01 2.6352136433004333e-05
2427.0 AEGIS 1.6654 11.02 3.267147705363218e-05
2481.0 AEGIS 1.3613 11.0 5.695523564821715e-06
2918.0 AEGIS 2.0708 11.53 2.023615202987626e-05
2957.0 AEGIS 2.4753 11.31 3.1450568387577854e-06
3106.0 AEGIS 1.6345 11.12 7.085823196355492e-06
3311.0 AEGIS 1.8535 11.33 5.59132669530666e-06
3654.0 AEGIS 0.6399 11.05 2.8832462607199463e-05
5016.0 AEGIS 1.9978 11.17 6.599752187330047e-06
5465.0 AEGIS 0.5483 11.08 1.96454515637416e-05
6115.0 AEGIS 1.372 11.09 4.3085778951103914e-05
6234.0 AEGIS 1.1098 11.05 2.24143852218502e-05
6262.0 AEGIS 1.901 11.27 1.2676568275122338e-06
6424.0 AEGIS 1.1622 11.38 4.2119803556880115e-05
6691.0 AEGIS 1.3859 11.23 5.910416839309741e-06
6880.0 AEGIS 1.5579 11.31 8.043274393159382e-06
7601.0 AEGIS 1.6473 11.3 3.1791125610033884e-05
7771.0 AEGIS 1.2838 11.04 1.2152542974239001e-05
8635.0 AEGIS 2.1979 11.16 7.757036116749687e-06
8646.0 AEGIS 1.6606 11.05 2.215131114285629e-05
8705.0 AEGIS 0.9738 11.14 3.010444419773247e-06
8838.0 AEGIS 1.2926 11.26 1.020971312484758e-05
9128.0 AEGIS 2.1277 11.32 5.2975686580487064e-06
9849.0 AEGIS 0.7366 11.49 0.00019302332947749893
9870.0 AEGIS 2.3936 11.07 1.7973529606801406e-05
10466.0 AEGIS 0.7722 11.23 2.7316491321232634e-05
10755.0 AEGIS 2.1407 11.05 3.149429158399275e-06
10858.0 AEGIS 1.8128 11.01 3.068047204234337e-06
10893.0 AEGIS 2.4883 11.05 2.4611657216079896e-05
11022.0 AEGIS 1.2693 11.1 1.7163090356990422e-05
11039.0 AEGIS 0.7598 11.11 8.156416683577123e-06
11465.0 AEGIS 1.6904 11.27 8.609972090080632e-06
11730.0 AEGIS 1.9842 11.1 7.146660431008197e-06
11773.0 AEGIS 2.023 11.12 2.212356537789902e-06
11880.0 AEGIS 2.4587 11.46 3.858659424358119e-06
11966.0 AEGIS 0.8009 11.21 7.959684785256741e-06
12049.0 AEGIS 1.6531 11.27 1.5015931111250782e-05
12219.0 AEGIS 1.5263 11.11 8.051672356637942e-06
12479.0 AEGIS 2.2208 11.21 3.661867530152529e-06
13524.0 AEGIS 1.2076 11.05 3.162206642339502e-05
13572.0 AEGIS 0.9932 11.21 5.921689911477611e-06
14012.0 AEGIS 1.383 11.1 4.923704999664581e-06
14056.0 AEGIS 1.307 11.05 5.188999783567815e-06
14495.0 AEGIS 1.5693 11.11 6.526261348605902e-06
14499.0 AEGIS 1.1901 11.02 6.128618153187401e-05
14609.0 AEGIS 1.0734 11.03 5.449345432254763e-06
14885.0 AEGIS 0.6855 11.21 4.62745940632392e-05
15088.0 AEGIS 1.9591 11.37 1.6100966255250744e-05
15593.0 AEGIS 0.8276 11.13 8.713987356828114e-06
15669.0 AEGIS 0.7818 11.02 1.6165692063941502e-05
15709.0 AEGIS 2.0878 11.38 2.1930295767902725e-05
15871.0 AEGIS 2.1681 11.07 1.7889814747900745e-05
16065.0 AEGIS 2.1872 11.14 6.695006933497526e-06
16180.0 AEGIS 0.7019 11.01 1.0592526192565153e-05
16238.0 AEGIS 1.3688 11.53 3.1698724783355986e-05
16367.0 AEGIS 0.9278 11.0 3.3275892642067904e-05
16491.0 AEGIS 1.6426 11.0 1.1020056191564053e-05
17297.0 AEGIS 1.2694 11.21 4.3644991111038455e-06
17424.0 AEGIS 0.8009 11.03 6.771711501484648e-06
17527.0 AEGIS 0.6725 11.35 1.5051499624261184e-05
17570.0 AEGIS 1.059 11.01 9.820524955246857e-06
17691.0 AEGIS 1.8434 11.09 4.0778337020206096e-05
17754.0 AEGIS 2.2393 11.26 5.952514106553013e-06
17775.0 AEGIS 1.1774 11.07 4.808897753084235e-05
17948.0 AEGIS 0.9784 11.1 6.429909909174538e-06
18045.0 AEGIS 1.1609 11.33 2.4305800678238624e-05
18280.0 AEGIS 1.8197 11.18 9.395967989106349e-06
18922.0 AEGIS 1.6912 11.44 2.9621264381513782e-05
19743.0 AEGIS 1.5751 11.34 6.985777729540704e-05
19970.0 AEGIS 1.2374 11.2 2.6193854164600664e-05
20106.0 AEGIS 1.1102 11.25 1.4156702010965766e-05
20794.0 AEGIS 1.1655 11.12 5.447512120702253e-06
21028.0 AEGIS 1.2469 11.1 8.580493941008308e-06
21156.0 AEGIS 1.9074 11.03 6.902301757814387e-06
21357.0 AEGIS 1.3373 11.0 6.658059895811145e-06
22126.0 AEGIS 1.0987 11.35 8.28915547217642e-06
22678.0 AEGIS 1.1987 11.07 5.211418507640136e-05
23011.0 AEGIS 1.3328 11.19 1.5261598215762894e-05
23040.0 AEGIS 2.3742 11.08 6.097710820416814e-06
23234.0 AEGIS 1.9147 11.4 2.007051678269147e-05
23645.0 AEGIS 2.1067 11.13 1.3079620914629421e-05
24059.0 AEGIS 1.8634 11.07 6.356238900409936e-06
24333.0 AEGIS 1.9683 11.47 2.1605554976741524e-05
24448.0 AEGIS 1.6382 11.26 5.7828290355355335e-05
25300.0 AEGIS 2.3178 11.01 7.99091333379425e-06
25346.0 AEGIS 1.8619 11.01 5.10591514102995e-06
25354.0 AEGIS 0.6539 11.54 1.929278393511793e-05
25969.0 AEGIS 1.6654 11.22 4.713132776597531e-05
26127.0 AEGIS 0.8053 11.07 2.875652504477124e-05
26508.0 AEGIS 2.028 11.13 1.818223255164364e-05
26649.0 AEGIS 1.8731 11.13 5.022322384184274e-06
26850.0 AEGIS 1.2876 11.46 6.269149009708709e-06
26884.0 AEGIS 1.2516 11.0 1.96995057591028e-05
27177.0 AEGIS 1.4624 11.03 5.105357396775784e-06
27315.0 AEGIS 1.567 11.25 1.1991569017178156e-05
27802.0 AEGIS 2.0109 11.1 5.496616065718856e-06
28310.0 AEGIS 1.5191 11.38 2.1975954615375815e-05
28328.0 AEGIS 1.0954 11.27 1.992755809123804e-05
28843.0 AEGIS 1.5259 11.01 2.0409342002299863e-05
28864.0 AEGIS 1.5374 11.01 1.2151954779426104e-05
29106.0 AEGIS 2.0209 11.04 4.262784937282972e-06
29178.0 AEGIS 2.0337 11.05 6.446164283688501e-06
29299.0 AEGIS 0.6175 11.01 4.198254252005584e-06
29329.0 AEGIS 1.6117 11.0 2.5170928415986215e-05
29399.0 AEGIS 1.8255 11.02 9.0267516338646e-05
29861.0 AEGIS 2.0254 11.09 2.332973354446787e-05
29863.0 AEGIS 1.1841 11.14 8.949861101494717e-06
29987.0 AEGIS 2.209 11.3 1.2952318209570475e-05
30084.0 AEGIS 0.68 11.15 2.5636639403960168e-05
30393.0 AEGIS 1.2047 11.03 2.1243460341012454e-05
30421.0 AEGIS 1.4359 11.29 8.70406495696975e-05
30735.0 AEGIS 1.0595 11.25 1.6811490144125135e-05
30920.0 AEGIS 1.2714 11.22 1.0958560321640281e-05
30967.0 AEGIS 2.0686 11.08 4.913851797234122e-06
31001.0 AEGIS 0.8272 11.09 2.9545158659647258e-05
31109.0 AEGIS 0.94 11.09 3.1566598974693475e-05
31169.0 AEGIS 1.8941 11.41 1.3804598545561801e-05
31326.0 AEGIS 1.1711 11.08 3.110259233968063e-05
31353.0 AEGIS 2.3164 11.3 7.116958795068767e-06
31839.0 AEGIS 1.9626 11.01 5.844600097790065e-06
32014.0 AEGIS 2.4196 11.04 7.165720397738599e-05
32425.0 AEGIS 1.0268 11.02 1.6420000446138916e-05
33028.0 AEGIS 1.426 11.19 9.36710552233778e-06
33158.0 AEGIS 1.4152 11.0 1.0124035157396762e-05
33196.0 AEGIS 1.6927 11.11 1.3717705571450525e-05
33551.0 AEGIS 1.5572 11.32 1.3082599491397584e-05
33863.0 AEGIS 2.1698 11.43 8.230277933694125e-06
33925.0 AEGIS 2.2941 11.22 1.1768798370139935e-05
34141.0 AEGIS 1.4344 11.15 4.703942192470778e-06
34185.0 AEGIS 1.7221 11.24 1.8659570219172036e-05
34254.0 AEGIS 1.0186 11.07 1.0406567132654415e-05
34722.0 AEGIS 1.087 11.13 5.0038581989199364e-05
34836.0 AEGIS 0.9269 11.09 1.0493699608166214e-05
35677.0 AEGIS 1.6568 11.04 4.3036403708432826e-05
36104.0 AEGIS 2.3265 11.04 1.3383831452827453e-05
36347.0 AEGIS 1.5568 11.08 1.2857962492865498e-05
36600.0 AEGIS 0.9304 11.19 2.197766973441316e-05
37556.0 AEGIS 1.7945 11.03 8.753197414613457e-06
37592.0 AEGIS 1.9723 11.04 7.800938864718915e-06
37662.0 AEGIS 0.7931 11.11 5.395000870376565e-06
37919.0 AEGIS 1.3828 11.01 1.0159146796599431e-05
38065.0 AEGIS 1.1867 11.28 5.284299114567188e-06
38130.0 AEGIS 1.2185 11.17 1.7969723511956927e-05
38167.0 AEGIS 1.4348 11.05 5.153955909402152e-06
38174.0 AEGIS 1.6225 11.02 0.0001357220942147052
38187.0 AEGIS 2.1336 11.51 1.3878006443032627e-05
38285.0 AEGIS 0.6939 11.1 4.021175203382229e-06
38290.0 AEGIS 1.7711 11.01 8.720195480069699e-06
38523.0 AEGIS 0.8169 11.05 1.6866304423680004e-06
38822.0 AEGIS 0.8337 11.13 2.2818238913773852e-06
39028.0 AEGIS 1.5959 11.14 3.3414892269096297e-06
39239.0 AEGIS 1.5482 11.16 3.895585457161815e-06
40470.0 AEGIS 1.5942 11.1 1.8968309308814017e-05
40980.0 AEGIS 2.4435 11.15 1.5151320007089837e-05
4536.0 COSMOS 1.801 11.17 1.718769461811156e-05
4596.0 COSMOS 0.7199 11.09 1.5284247928535498e-05
5473.0 COSMOS 2.2406 11.0 6.101822618191112e-06
5712.0 COSMOS 0.7598 11.03 2.3572280712513727e-05
9111.0 COSMOS 1.2138 11.37 4.683605545222394e-06
9667.0 COSMOS 1.5391 11.23 4.40748611824841e-06
11314.0 COSMOS 2.3414 11.27 4.989805938319853e-06
11337.0 COSMOS 2.1888 11.23 8.914756006852653e-06
11363.0 COSMOS 2.1158 11.07 7.5127169108245085e-06
11871.0 COSMOS 1.4974 11.5 7.553018979572039e-05
11973.0 COSMOS 1.6075 11.19 1.7015352800634432e-05
12767.0 COSMOS 1.1172 11.01 6.722132592985006e-06
13174.0 COSMOS 2.0895 11.03 4.67123786107835e-06
13524.0 COSMOS 0.5963 11.09 1.3534147253120685e-05
13837.0 COSMOS 0.8326 11.07 1.433446057127523e-05
13903.0 COSMOS 0.6131 11.0 9.681028604924047e-06
15066.0 COSMOS 1.4391 11.29 9.172428873523624e-06
18575.0 COSMOS 1.0068 11.07 3.4624525252695017e-06
18688.0 COSMOS 1.9094 11.12 8.552437013785313e-06
19090.0 COSMOS 2.4545 11.15 9.15668341103463e-05
19134.0 COSMOS 2.3853 11.0 4.262348467562842e-05
19153.0 COSMOS 2.2687 11.05 8.495261178885367e-06
20565.0 COSMOS 0.8878 11.01 1.0502972563988822e-05
20839.0 COSMOS 0.8735 11.05 1.2882426432311462e-05
20983.0 COSMOS 1.967 11.07 4.9558410412046865e-06
25534.0 COSMOS 1.5462 11.01 5.67536794333077e-05
25581.0 COSMOS 1.8599 11.31 2.787679559690036e-06
26338.0 COSMOS 2.28 11.34 2.2907028087090813e-06
27723.0 COSMOS 0.9684 11.08 1.0570276963856853e-05
28492.0 COSMOS 1.8389 11.0 2.210668719182043e-06
28546.0 COSMOS 2.0243 11.23 1.019207769562339e-05
28565.0 COSMOS 2.0661 11.4 4.9379789913689215e-06
28772.0 COSMOS 0.7113 11.27 9.298457517876935e-06
3776.0 GOODS-N 2.1218 11.0 3.898537857198874e-06
4117.0 GOODS-N 1.6189 11.37 6.5771906157984216e-06
4711.0 GOODS-N 1.2323 11.04 1.4829098599934275e-05
4854.0 GOODS-N 2.2112 11.05 1.4325342453947257e-05
4927.0 GOODS-N 2.2172 11.12 9.808956199728035e-06
5346.0 GOODS-N 2.3363 11.55 3.0204444889369723e-05
5371.0 GOODS-N 2.2169 11.36 1.2266347773849719e-05
5507.0 GOODS-N 2.2973 11.1 2.7580897199450825e-05
5677.0 GOODS-N 2.1426 11.27 1.3375523377150585e-05
5932.0 GOODS-N 1.8962 11.24 2.784901932371669e-06
6215.0 GOODS-N 2.2727 11.2 1.856679809773167e-05
6789.0 GOODS-N 2.2157 11.36 1.0361062951226874e-05
6877.0 GOODS-N 2.0937 11.04 5.95458319916746e-06
7372.0 GOODS-N 1.3549 11.03 1.3627898990321735e-05
8713.0 GOODS-N 0.8822 11.09 1.7376283179734335e-05
9056.0 GOODS-N 1.0825 11.15 5.049354212829034e-06
9122.0 GOODS-N 2.2542 11.11 1.2030470632959343e-05
9441.0 GOODS-N 0.8715 11.0 1.5848338581672273e-05
9623.0 GOODS-N 0.988 11.42 5.49776487210992e-05
9692.0 GOODS-N 1.6764 11.26 1.930645394263935e-05
10125.0 GOODS-N 2.4511 11.18 7.08220710943102e-06
10280.0 GOODS-N 1.1114 11.17 1.0598098579565029e-05
10311.0 GOODS-N 1.5551 11.2 1.3574390692718846e-05
10606.0 GOODS-N 1.3668 11.13 1.0219802852364517e-05
10657.0 GOODS-N 2.2192 11.68 6.081732514284566e-06
11064.0 GOODS-N 2.1093 11.15 2.679620391320628e-06
11706.0 GOODS-N 1.2313 11.19 9.634740435081462e-06
11826.0 GOODS-N 1.3337 11.1 3.869286680497707e-06
11932.0 GOODS-N 0.8517 11.25 4.318519227727775e-05
12066.0 GOODS-N 2.2639 11.01 8.863621583593332e-05
12302.0 GOODS-N 2.1946 11.22 9.691171598453003e-05
12342.0 GOODS-N 1.0363 11.01 1.4231499005678304e-05
12343.0 GOODS-N 0.6562 11.38 3.906361305277668e-06
12561.0 GOODS-N 1.0265 11.01 2.0040319897295673e-05
13530.0 GOODS-N 0.8473 11.29 9.54527959216694e-06
13971.0 GOODS-N 0.9992 11.14 1.6072112385819578e-05
14140.0 GOODS-N 1.694 11.03 1.160069965724923e-05
14532.0 GOODS-N 1.6131 11.2 1.689081430576386e-05
15872.0 GOODS-N 0.9526 11.39 1.433696818203519e-05
16129.0 GOODS-N 2.192 11.07 8.74943167129987e-06
16827.0 GOODS-N 1.9664 11.21 6.735076889701655e-06
16879.0 GOODS-N 2.2872 11.22 5.745640746782359e-06
17270.0 GOODS-N 1.1839 11.03 4.26813792389188e-06
17952.0 GOODS-N 0.8322 11.07 1.909859317997405e-05
18633.0 GOODS-N 1.6522 11.06 1.3549805948672646e-05
18879.0 GOODS-N 0.9511 11.03 9.427524621404788e-06
19082.0 GOODS-N 2.4296 11.09 5.993167779528122e-06
19290.0 GOODS-N 0.6655 11.23 5.45671894932084e-06
19680.0 GOODS-N 0.9629 11.2 5.893969040239549e-06
19913.0 GOODS-N 1.9111 11.57 7.310701393690046e-06
20052.0 GOODS-N 2.3802 11.1 5.713605196585711e-06
20317.0 GOODS-N 2.4658 11.08 5.761089441784507e-06
20538.0 GOODS-N 0.6328 11.06 9.831457500858971e-05
20709.0 GOODS-N 1.8006 11.23 4.444678127591103e-06
21156.0 GOODS-N 1.1951 11.16 9.527539033165104e-06
21618.0 GOODS-N 0.8046 11.08 2.1814447103599374e-05
21683.0 GOODS-N 0.6606 11.07 4.009124084800823e-06
21700.0 GOODS-N 0.565 11.39 4.583646318459966e-06
21738.0 GOODS-N 2.0685 11.02 5.679460497776182e-06
22184.0 GOODS-N 0.6746 11.11 9.50603374183117e-05
23018.0 GOODS-N 2.0784 11.0 2.029703917371639e-06
23564.0 GOODS-N 1.2713 11.24 2.971343599097294e-06
24107.0 GOODS-N 0.8522 11.29 0.0001029245665648632
25216.0 GOODS-N 1.142 11.27 1.611125058585612e-05
25265.0 GOODS-N 1.5211 11.01 7.1386003382626555e-06
25340.0 GOODS-N 0.8784 11.33 0.0001494215715070969
25813.0 GOODS-N 1.1975 11.31 6.4442837889540136e-06
25942.0 GOODS-N 2.2508 11.38 2.1553016233500165e-05
26239.0 GOODS-N 0.8398 11.16 0.0005601123851570164
26529.0 GOODS-N 2.4682 11.05 4.365448510261534e-06
26888.0 GOODS-N 2.1456 11.09 2.816424588466729e-06
28810.0 GOODS-N 2.3058 11.13 4.0912748568802125e-06
29183.0 GOODS-N 0.8948 11.1 1.367581502303474e-05
29405.0 GOODS-N 0.868 11.14 6.8087995398086014e-06
29464.0 GOODS-N 1.8604 11.26 2.8690368464999417e-06
30283.0 GOODS-N 2.0997 11.32 1.082844433973393e-05
30296.0 GOODS-N 0.6352 11.0 8.838824416775646e-06
31333.0 GOODS-N 0.8583 11.18 4.939909030054873e-06
31996.0 GOODS-N 0.5324 11.01 9.689414444867468e-06
32002.0 GOODS-N 2.12 11.16 2.0219587596510912e-06
32033.0 GOODS-N 2.2356 11.06 5.109520622458388e-06
32146.0 GOODS-N 0.6695 11.05 1.2605844532990584e-05
32162.0 GOODS-N 1.2623 11.05 7.179094444955171e-06
32842.0 GOODS-N 1.6973 11.53 6.195717344800024e-06
33780.0 GOODS-N 1.8585 11.29 6.80837062840854e-06
34358.0 GOODS-N 0.8316 11.14 6.674846983942588e-06
35090.0 GOODS-N 0.9635 11.21 7.098192660599994e-05
35292.0 GOODS-N 1.8764 11.1 1.9970800532072714e-06
35299.0 GOODS-N 1.0516 11.11 6.056398046673397e-06
2383.0 GOODS-S 1.6699 11.19 9.549438624084971e-06
2467.0 GOODS-S 2.2351 11.1 5.046302606218413e-06
2546.0 GOODS-S 0.6637 11.19 6.807344909814515e-06
2707.0 GOODS-S 1.3531 11.27 6.5607377076055254e-06
2841.0 GOODS-S 0.9514 11.62 8.464036146720712e-05
3860.0 GOODS-S 0.9298 11.08 1.5434201153473423e-05
4210.0 GOODS-S 1.1336 11.47 1.485797857539081e-05
4505.0 GOODS-S 1.9381 11.03 3.434320514448423e-06
4583.0 GOODS-S 2.3119 11.02 4.4752417111187135e-06
6098.0 GOODS-S 1.1327 11.04 3.587603358499957e-05
6106.0 GOODS-S 1.1079 11.0 0.00012014870184911858
7457.0 GOODS-S 1.6841 11.15 8.044755081679585e-06
7503.0 GOODS-S 1.1104 11.31 2.8574796345104288e-05
7686.0 GOODS-S 2.3688 11.19 1.1404867673289888e-05
8097.0 GOODS-S 0.7809 11.21 1.3034810136876816e-05
8422.0 GOODS-S 1.6747 11.37 1.114420291853709e-05
8683.0 GOODS-S 2.2201 11.32 5.960375773228448e-06
10436.0 GOODS-S 1.749 11.13 1.2983559657188596e-05
11016.0 GOODS-S 2.0799 11.22 1.4129998405026711e-05
12358.0 GOODS-S 0.7301 11.01 0.0001043192384432529
13369.0 GOODS-S 1.9888 11.08 6.23619362209772e-06
13628.0 GOODS-S 1.7074 11.05 1.018149033325515e-05
14152.0 GOODS-S 1.6907 11.26 4.847864291821996e-06
14335.0 GOODS-S 1.8359 11.05 4.529966995812348e-06
14747.0 GOODS-S 1.9601 11.06 4.3374299261478425e-06
14813.0 GOODS-S 1.9987 11.01 1.3300436587658446e-05
15214.0 GOODS-S 1.7227 11.37 5.995270813533264e-06
15847.0 GOODS-S 2.3188 11.03 3.8837778867344585e-06
16716.0 GOODS-S 0.6611 11.14 0.00014528972117668648
16769.0 GOODS-S 1.6296 11.09 5.376940396556262e-06
16814.0 GOODS-S 1.8132 11.22 3.3270849360568074e-06
16888.0 GOODS-S 2.4618 11.29 3.1643320255308694e-06
17212.0 GOODS-S 0.6297 11.08 6.084018426222294e-06
19148.0 GOODS-S 0.9673 11.07 2.9532135345644764e-06
19186.0 GOODS-S 1.1071 11.25 3.671118606823538e-06
20496.0 GOODS-S 0.6927 11.19 1.12820491600164e-05
21832.0 GOODS-S 0.5493 11.05 8.840326907329428e-06
21893.0 GOODS-S 2.3875 11.01 9.379299019720601e-06
22079.0 GOODS-S 2.1714 11.15 4.29823979699428e-06
22825.0 GOODS-S 2.4819 11.19 3.674491579474985e-05
24308.0 GOODS-S 1.7172 11.0 7.613131436275327e-06
24622.0 GOODS-S 0.6777 11.4 2.08839954158007e-05
24878.0 GOODS-S 0.7496 11.77 0.00022902467454898458
26138.0 GOODS-S 0.7402 11.23 0.00035201240729358624
26139.0 GOODS-S 1.58 11.14 2.8144830903611954e-06
27881.0 GOODS-S 1.8838 11.2 1.2626577376887526e-05
27969.0 GOODS-S 0.6614 11.08 1.8302881606663593e-05
29288.0 GOODS-S 2.2454 11.11 7.141199153351684e-06
29407.0 GOODS-S 1.5937 11.01 3.596053518277289e-05
29652.0 GOODS-S 1.6143 11.49 4.2090009122564254e-05
29900.0 GOODS-S 1.6184 11.08 5.272868246694026e-05
29928.0 GOODS-S 1.089 11.47 1.691549345560528e-05
30274.0 GOODS-S 2.2367 11.16 2.1241974966274556e-05
30394.0 GOODS-S 1.3143 11.01 6.662057654220105e-06
30534.0 GOODS-S 2.0041 11.51 3.0091222906279626e-06
30997.0 GOODS-S 1.0033 11.09 8.022722593939844e-06
31397.0 GOODS-S 1.9311 11.14 5.356966916465797e-06
32048.0 GOODS-S 1.8564 11.08 6.278038564142212e-06
32783.0 GOODS-S 1.88 11.25 7.766167102585283e-06
33163.0 GOODS-S 1.2355 11.15 7.717470477921708e-06
33164.0 GOODS-S 1.3376 11.0 1.1940259684481706e-05
33912.0 GOODS-S 1.6467 11.17 2.027406302567512e-05
34491.0 GOODS-S 1.608 11.29 8.89832948502349e-05
34519.0 GOODS-S 1.9572 11.53 4.778113998747536e-06
34567.0 GOODS-S 1.7545 11.01 3.126159517800042e-05
35444.0 GOODS-S 1.4934 11.25 3.180427382042724e-06
36095.0 GOODS-S 1.9576 11.45 2.484797881200073e-06
38092.0 GOODS-S 0.6684 11.1 1.2474861825749311e-05
38786.0 GOODS-S 0.6611 11.24 7.907468822397152e-06
39012.0 GOODS-S 1.6573 11.09 1.5081650912431246e-05
39208.0 GOODS-S 1.9643 11.17 4.0363733959445495e-06
39364.0 GOODS-S 1.697 11.12 2.7420611805633578e-05
39568.0 GOODS-S 2.1861 11.15 1.0144869082578333e-05
40597.0 GOODS-S 1.2385 11.01 8.980731440522352e-06
41148.0 GOODS-S 1.6965 11.08 3.517137601823332e-05
41181.0 GOODS-S 2.0914 11.13 7.720090034312668e-06
42113.0 GOODS-S 1.648 11.18 0.00019851051465323208
42501.0 GOODS-S 1.8223 11.0 2.0932491878514154e-06
42607.0 GOODS-S 2.366 11.27 7.277603559578924e-06
42705.0 GOODS-S 1.9749 11.24 5.927485761910549e-06
42957.0 GOODS-S 1.8293 11.17 5.750612172269648e-06
43042.0 GOODS-S 1.4271 11.48 8.239429719232158e-06
12778.0 UDS 1.8125 11.17 9.863727539414275e-06
13108.0 UDS 2.1073 11.27 6.63338171841434e-06
13526.0 UDS 2.4909 11.06 2.360533954672802e-06
13952.0 UDS 2.1183 11.07 1.1905839022036015e-05
14152.0 UDS 1.4208 11.03 4.4898424836905465e-05
14409.0 UDS 2.1679 11.17 1.2145550189313733e-05
14723.0 UDS 1.9221 11.5 5.40991953659716e-05
14854.0 UDS 1.2076 11.16 4.946746766348969e-06
14996.0 UDS 2.069 11.2 1.5757244507770125e-05
15270.0 UDS 1.8066 11.07 4.4149274327416205e-05
15598.0 UDS 2.4129 11.01 5.6199784392302335e-06
16074.0 UDS 0.6399 11.2 5.505102309520043e-05
16145.0 UDS 0.6625 11.18 9.129653869943128e-05
16239.0 UDS 1.1919 11.12 3.188525930836461e-06
17327.0 UDS 0.6323 11.0 0.00011724885106030758
17475.0 UDS 0.6414 11.04 8.935709778654957e-05
17838.0 UDS 2.0078 11.21 3.1763953618878877e-06
17879.0 UDS 1.0692 11.08 1.5475546199901646e-05
17913.0 UDS 2.1085 11.0 9.106954631145572e-06
18619.0 UDS 0.6518 11.09 3.704152290089046e-05
19003.0 UDS 0.9127 11.47 7.477218069573311e-05
19068.0 UDS 2.18 11.16 7.993040649181386e-06
19708.0 UDS 1.6303 11.27 8.320806904047072e-06
19765.0 UDS 1.0632 11.22 4.164058679397496e-05
19954.0 UDS 1.2224 11.02 4.607033225561776e-06
20694.0 UDS 2.2565 11.29 1.2813294297803528e-05
20770.0 UDS 2.1049 11.2 7.115031489396662e-06
20917.0 UDS 1.5084 11.11 2.7335073831540337e-05
21031.0 UDS 1.5594 11.04 9.223315787573104e-06
21513.0 UDS 1.3693 11.18 3.978853329598693e-05
21533.0 UDS 0.919 11.06 2.0353732177675016e-05
21665.0 UDS 1.9841 11.01 1.1217982745869286e-05
21998.0 UDS 2.1106 11.06 4.311191876047109e-06
22227.0 UDS 2.3757 11.11 1.3602473590678505e-05
22480.0 UDS 1.6014 11.06 1.2260846456506534e-05
22685.0 UDS 2.0486 11.33 4.76077966589312e-06
23692.0 UDS 2.1635 11.6 9.869208700638426e-06
23701.0 UDS 0.9625 11.07 2.6937438463985968e-05
24953.0 UDS 1.3604 11.1 1.4853119525069777e-05
25206.0 UDS 1.9795 11.24 1.6168384344284726e-05
25630.0 UDS 1.7836 11.26 1.3246471039735762e-05
26552.0 UDS 1.1074 11.22 6.521742872841785e-06
26875.0 UDS 1.4299 11.06 1.4112001692606082e-05
27672.0 UDS 2.0042 11.27 1.2415044066931868e-05
28087.0 UDS 2.0839 11.34 8.096834204882838e-06
28773.0 UDS 1.4744 11.33 1.3856380883623944e-05
28791.0 UDS 1.8607 11.1 1.3633495805274352e-05
29461.0 UDS 2.4403 11.62 5.853071800582968e-06
30057.0 UDS 1.0408 11.09 4.039041163916419e-06
30133.0 UDS 1.8364 11.08 8.249160174961092e-06
30192.0 UDS 1.225 11.2 3.5869561676359757e-06
30196.0 UDS 2.4586 11.28 2.2805038257941556e-05
30255.0 UDS 1.409 11.04 2.4346416108863146e-05
30402.0 UDS 1.36 11.0 1.0709455418047106e-05
